8.46292	0.243462	0	0	8.46292	0.243462	8.6	0.25	-3.00029	0
8.44823	0.251524	-0.209812	0.115173	8.44818	0.251553	8.45	0.25	-3.00027	0
8.46651	0.291893	-0.0296547	0.77531	8.56759	0.241943	8.45	0.25	0	0
8.46201	0.254568	-0.00919693	0.0236176	8.45582	0.253997	8.45	0.25	0	0
8.37227	0.255752	-1.08997	0.00407322	8.42544	0.254042	8.35	0.25	-1.81979	0
8.28906	0.251382	-1.11036	-0.0188022	8.23962	0.24916	8.25	0.25	-1.81978	0
8.08452	0.246139	-2.46798	-0.0629123	7.93286	0.188391	8.05	0.2	-3.99976	-0.99994
7.93133	0.186951	-2.49658	-0.294774	7.84073	0.159858	7.85	0.15	-3.99972	-0.99993
7.76126	0.176502	-2.83979	-0.279999	7.61269	0.155818	7.7	0.15	-2.99982	0
7.60166	0.161537	-2.86349	-0.282352	7.54016	0.159641	7.55	0.15	-2.99982	0
7.49713	0.144007	-2.40746	-0.284483	7.50815	0.0953827	7.45	0.100001	-1.8165	-0.908239
7.36064	0.0774075	-2.4129	-0.433025	7.3426	0.0345312	7.35	0.0500011	-1.81648	-0.90823
7.20614	0.0556948	-2.59496	-0.427088	7.20598	0.00492725	7.2	9.49949e-007	-2.72851	-0.909507
7.06184	-0.0107247	-2.5983	-0.542217	7.05406	-0.0533413	7.05	-0.0499992	-2.72849	-0.909499
6.96439	-0.0470642	-2.16618	-0.564126	6.74585	-0.143185	6.95	-0.15	-1.81898	-1.81898
6.84601	-0.163573	-2.16789	-0.785543	6.84972	-0.258748	6.85	-0.25	-1.81896	-1.81897
6.74185	-0.204979	-2.1159	-0.792998	6.66966	-0.346668	6.75	-0.349999	-2.00076	-2.00075
6.63608	-0.341022	-2.12279	-1.04152	6.64329	-0.462604	6.65	-0.449999	-2.00076	-2.00075
6.60085	-0.41404	-1.56086	-1.12838	6.60862	-0.557035	6.6	-0.549999	-0.998836	-1.99769
6.52739	-0.546783	-1.56112	-1.32562	6.56029	-0.650892	6.55	-0.65	-0.99884	-1.99769
6.499	-0.643103	-1.07676	-1.42979	6.40696	-0.842921	6.5	-0.85	-0.908747	-3.63498
6.4358	-0.863124	-1.1059	-1.79735	6.45805	-1.05268	6.45	-1.05	-0.908739	-3.63494
6.35378	-0.953857	-1.29451	-1.75065	6.38626	-1.15695	6.35	-1.15	-1.81897	-1.81898
6.27018	-1.13658	-1.33718	-1.97614	6.25499	-1.25007	6.25	-1.25	-1.81896	-1.81896
6.34866	-1.33555	-0.123953	-2.41876	6.43125	-1.48148	6.3	-1.45	0.909739	-3.63894
6.3372	-1.54731	-0.15424	-2.6229	6.36328	-1.65656	6.35	-1.65	0.909727	-3.63891
6.2928	-1.65647	-0.470614	-2.49242	6.3228	-1.81431	6.3	-1.8	-0.999494	-2.9985
6.25455	-1.85141	-0.522849	-2.67434	6.24641	-1.95075	6.25	-1.95	-0.999489	-2.99847
6.29818	-2.0464	0.0608159	-2.99398	6.31851	-2.10969	6.3	-2.1	0.999984	-2.99994
6.30774	-2.20954	0.0682578	-3.02691	6.34644	-2.23829	6.35	-2.25	0.999979	-2.99994
6.2979	-2.37092	-0.0475362	-2.97756	6.32593	-2.40018	6.35	-2.4	0	-2.72613
6.30584	-2.53704	-0.0271607	-2.98158	6.34927	-2.55175	6.35	-2.55	0	-2.72611
6.33994	-2.73948	0.273767	-3.18821	6.43125	-2.71878	6.4	-2.7	0.909499	-2.72851
6.37963	-2.87955	0.33848	-3.09616	6.43257	-2.84245	6.45	-2.85	0.909503	-2.72851
6.38571	-3.03264	0.246781	-3.0574	6.46536	-3.00452	6.45	-3	0	-2.99754
6.41165	-3.16807	0.281974	-3.01126	6.44119	-3.14955	6.45	-3.15	0	-2.99754
6.45112	-3.36456	0.495516	-3.18343	6.52249	-3.32007	6.5	-3.3	0.910402	-2.7312
6.5032	-3.50202	0.562807	-3.08652	6.5453	-3.45745	6.55	-3.45	0.910402	-2.7312
6.56259	-3.70858	0.825661	-3.30272	6.6358	-3.59197	6.65	-3.6	1.81722	-2.72583
6.6615	-3.82382	0.965726	-3.129	6.76011	-3.75457	6.75	-3.75	1.81721	-2.72581
6.70324	-3.99497	0.871403	-3.08474	6.83625	-3.92723	6.8	-3.9	0.907988	-2.72396
6.79168	-4.11361	0.977988	-2.95115	6.85997	-4.05805	6.85	-4.05	0.907976	-2.72393
6.83343	-4.27586	0.905755	-2.92379	6.86943	-4.18507	6.9	-4.2	0.909334	-2.72801
6.90977	-4.39638	0.978506	-2.82001	6.94332	-4.34473	6.95	-4.35	0.90933	-2.72799
6.93042	-4.53125	0.708076	-2.63863	7.05156	-4.49706	7	-4.45	0.910054	-1.8201
7.00337	-4.62252	0.802487	-2.50062	7.04099	-4.55018	7.05	-4.55	0.910054	-1.8201
7.05047	-4.77351	0.853622	-2.56758	7.10252	-4.67934	7.1	-4.7	0.908302	-2.72489
7.11751	-4.88985	0.906477	-2.50227	7.14735	-4.86125	7.15	-4.85	0.908297	-2.72489
7.20548	-5.07235	1.2278	-2.78627	7.31379	-5.05204	7.25	-5	1.81907	-2.72861
7.29011	-5.19644	1.27632	-2.71209	7.30424	-5.15404	7.35	-5.15	1.81907	-2.72861
7.34304	-5.34149	1.18401	-2.66503	7.29446	-5.23429	7.4	-5.3	0.908194	-2.7246
7.4235	-5.47119	1.22371	-2.62024	7.44737	-5.45308	7.45	-5.45	0.90819	-2.72457
7.48923	-5.62384	1.21189	-2.63789	7.63082	-5.61863	7.55	-5.55	1.81974	-1.81974
7.59312	-5.72278	1.31104	-2.51811	7.64356	-5.66706	7.65	-5.65	1.81972	-1.81972
7.64916	-5.85791	1.23053	-2.47903	7.60376	-5.74774	7.7	-5.8	0.90983	-2.72951
7.72666	-5.97802	1.25839	-2.43804	7.7342	-5.95374	7.75	-5.95	0.909826	-2.72948
7.83101	-6.14932	1.63268	-2.78447	7.82165	-6.06822	7.85	-6.1	1.9986	-2.9979
7.93055	-6.26827	1.6796	-2.73096	7.95703	-6.24328	7.95	-6.25	1.99858	-2.99787
8.00241	-6.40855	1.50233	-2.60348	8.17338	-6.44684	8.05	-6.35	1.81738	-1.81739
8.11813	-6.50979	1.59113	-2.49454	8.15891	-6.45335	8.15	-6.45	1.81737	-1.81737
8.18265	-6.63673	1.46277	-2.41102	8.08628	-6.51855	8.2	-6.6	0.909293	-2.72787
8.26304	-6.76315	1.46508	-2.39661	8.25411	-6.74791	8.25	-6.75	0.909293	-2.72787
8.33663	-6.89914	1.46436	-2.42291	8.25648	-6.78122	8.35	-6.85	1.81994	-1.81993
8.43431	-7.00381	1.5132	-2.35093	8.44494	-6.95805	8.45	-6.95	1.81993	-1.81993
8.49613	-7.1188	1.457	-2.32732	8.39359	-7.01743	8.5	-7.1	1.00006	-3.00018
8.56219	-7.24049	1.44009	-2.34203	8.54925	-7.24433	8.55	-7.25	1.00006	-3.00018
8.664	-7.39616	1.70882	-2.61036	8.64403	-7.39047	8.65	-7.4	1.99807	-2.99712
8.74376	-7.53334	1.69355	-2.62746	8.73559	-7.5421	8.75	-7.55	1.99808	-2.99712
8.7959	-7.64638	1.36041	-2.34478	8.87176	-7.71912	8.8	-7.65	0.909955	-1.8199
8.86566	-7.77166	1.35076	-2.33824	8.84538	-7.75497	8.85	-7.75	0.909946	-1.81988
8.93724	-7.90248	1.41834	-2.42651	8.88333	-7.88636	8.9	-7.9	0.999086	-2.9973
8.99245	-8.03414	1.37947	-2.45557	8.95966	-8.0381	8.95	-8.05	0.999095	-2.9973
9.02459	-8.13477	1.08768	-2.20205	8.8564	-8.01424	9	-8.15	0.909309	-1.8186
9.07835	-8.25483	1.07456	-2.20172	9.05896	-8.24314	9.05	-8.25	0.909301	-1.81859
9.15087	-8.39384	1.23846	-2.38574	9.17781	-8.47056	9.1	-8.4	1.0004	-3.00119
9.19105	-8.53125	1.1829	-2.43487	9.15332	-8.54857	9.15	-8.55	1.00038	-3.00117
9.22808	-8.64467	0.971777	-2.24971	9.22922	-8.6898	9.2	-8.65	0.909508	-1.819
9.27054	-8.7728	0.94541	-2.26359	9.24541	-8.76863	9.25	-8.75	0.9095	-1.81899
9.39508	-8.98019	1.60183	-2.95473	9.37748	-9.00609	9.35	-8.95	1.99965	-3.99928
9.46375	-9.13912	1.57172	-2.98408	9.44703	-9.15328	9.45	-9.15	1.99964	-3.99928
9.49962	-9.24996	1.24493	-2.66911	9.50096	-9.25642	9.5	-9.25	0.999584	-1.99917
9.55953	-9.37629	1.24262	-2.65387	9.54157	-9.35195	9.55	-9.35	0.999584	-1.99917
9.59455	-9.48852	1.0691	-2.49667	9.47534	-9.42627	9.55	-9.5	0	-3.00023
9.61385	-9.6359	0.983182	-2.55975	9.54779	-9.64959	9.55	-9.65	0	-3.0002
9.6736	-9.78565	1.07889	-2.68787	9.69942	-9.88416	9.6	-9.8	0.999005	-2.997
9.70155	-9.93381	1.01457	-2.72777	9.64606	-9.9341	9.65	-9.95	0.998995	-2.997
9.72242	-10.0522	0.776357	-2.4896	9.60087	-9.96395	9.7	-10.05	0.909855	-1.81969
9.76261	-10.1774	0.775062	-2.46416	9.73801	-10.1396	9.75	-10.15	0.909847	-1.81969
9.8036	-10.3123	0.78142	-2.49625	9.92627	-10.4745	9.75	-10.3	0	-3.00065
9.8114	-10.458	0.701744	-2.55397	9.75524	-10.4732	9.75	-10.45	0	-3.00063
9.85122	-10.6112	0.768752	-2.65797	9.71825	-10.5087	9.8	-10.6	0.90817	-2.72451
9.88043	-10.7613	0.737089	-2.67056	9.85048	-10.7526	9.85	-10.75	0.908161	-2.72448
9.89636	-10.887	0.554919	-2.48321	9.88465	-10.9383	9.85	-10.9	0	-2.73074
9.89519	-11.0397	0.475472	-2.52991	9.83614	-11.041	9.85	-11.05	0	-2.73073
9.91515	-11.1721	0.480297	-2.56301	9.83952	-11.1692	9.85	-11.2	0	-2.99965
9.90333	-11.3257	0.387555	-2.63138	9.84568	-11.3496	9.85	-11.35	0	-2.99961
9.9199	-11.4639	0.38205	-2.65147	9.87961	-11.5637	9.85	-11.5	0	-2.99843
9.90085	-11.6187	0.28497	-2.7134	9.83206	-11.6307	9.85	-11.65	0	-2.99843
9.86764	-11.696	-0.108417	-2.23135	9.85311	-11.8523	9.8	-11.75	-1.0003	-2.00061
9.82187	-11.8308	-0.211405	-2.29601	9.74928	-11.8442	9.75	-11.85	-1.00029	-2.00059
9.8094	-11.9543	-0.189256	-2.35366	9.69694	-11.9706	9.7	-12	-1.0004	-3.00119
9.74401	-12.11	-0.335018	-2.45532	9.65354	-12.1497	9.65	-12.15	-1.00039	-3.00116
9.70518	-12.208	-0.525049	-2.21863	9.72311	-12.3964	9.6	-12.25	-0.999885	-1.99981
9.63345	-12.3415	-0.640729	-2.28258	9.54859	-12.3478	9.55	-12.35	-0.999884	-1.99979
9.56278	-12.4049	-0.92731	-1.89916	9.39039	-12.3902	9.45	-12.45	-1.99803	-1.99805
9.4599	-12.5307	-1.07277	-1.98385	9.36086	-12.5501	9.35	-12.55	-1.99804	-1.99804
9.39512	-12.6425	-1.09635	-1.98006	9.34456	-12.7106	9.3	-12.65	-0.909773	-1.81953
9.29504	-12.767	-1.19734	-2.02585	9.22134	-12.7613	9.25	-12.75	-0.909773	-1.81954
9.1863	-12.7916	-1.62005	-1.39615	9.15326	-13.0031	9.05	-12.85	-3.99257	-1.99629
9.00532	-12.9146	-1.87925	-1.53996	8.84161	-12.9519	8.85	-12.95	-3.99253	-1.99627
8.88098	-12.973	-2.01769	-1.34415	8.71632	-12.9613	8.75	-13	-1.8213	-0.910651
8.73297	-13.0577	-2.11169	-1.3781	8.66358	-13.0431	8.65	-13.05	-1.8213	-0.910651
8.60219	-13.0892	-2.3083	-1.07072	8.54518	-13.1702	8.5	-13.1	-2.997	-0.999005
8.43988	-13.16	-2.42806	-1.12048	8.35763	-13.1557	8.35	-13.15	-2.997	-0.998995
8.27254	-13.1622	-2.69879	-0.658195	8.22926	-13.1698	8.2	-13.15	-2.72741	0
8.09708	-13.1959	-2.76386	-0.660218	8.03583	-13.1513	8.05	-13.15	-2.72742	0
7.92339	-13.2022	-2.89452	-0.452015	7.82915	-13.0525	7.9	-13.15	-2.72986	0
7.77137	-13.2111	-2.87163	-0.416869	7.76538	-13.1647	7.75	-13.15	-2.72986	0
7.63491	-13.2702	-2.76794	-0.67475	7.66145	-13.3079	7.6	-13.2	-2.9979	-0.999304
7.48382	-13.2961	-2.79584	-0.66221	7.44786	-13.2517	7.45	-13.25	-2.9979	-0.999304
7.3044	-13.2891	-2.9592	-0.361428	7.21108	-13.0985	7.3	-13.25	-2.72846	0
7.1558	-13.2899	-2.9176	-0.318609	7.16011	-13.2382	7.15	-13.25	-2.72844	0
6.97225	-13.2286	-3.18321	0.224616	6.88472	-12.9588	7	-13.2	-2.99784	0.999284
6.83296	-13.1979	-3.12659	0.268913	6.84891	-13.1493	6.85	-13.15	-2.99784	0.999284
6.6488	-13.1703	-3.21032	0.409887	6.77424	-13.2337	6.7	-13.1	-2.72787	0.909275
6.51275	-13.1208	-3.10032	0.47427	6.55759	-13.0679	6.55	-13.05	-2.72787	0.909284
6.34343	-13.1276	-3.0302	0.239246	6.40137	-13.0799	6.4	-13.05	-2.72678	0
6.21583	-13.0921	-2.92518	0.293305	6.26174	-13.0534	6.25	-13.05	-2.72678	0
6.03968	-13.0571	-3.0132	0.451797	6.10143	-13.0076	6.1	-13	-2.72966	0.909888
5.90867	-13.0068	-2.91826	0.511004	5.94198	-12.9494	5.95	-12.95	-2.72963	0.90988
5.72792	-12.895	-3.19277	1.18015	5.79854	-12.8478	5.8	-12.85	-2.99777	1.99851
5.60908	-12.8065	-3.08007	1.24762	5.65107	-12.7365	5.65	-12.75	-2.99778	1.99852
5.43895	-12.7743	-3.00205	0.950699	5.50547	-12.5721	5.55	-12.7	-1.81798	0.908995
5.34545	-12.6923	-2.81222	1.025	5.43839	-12.652	5.45	-12.65	-1.81799	0.908995
5.16708	-12.5886	-2.9686	1.39418	5.27506	-12.4782	5.3	-12.55	-2.72627	1.81753
5.05877	-12.4916	-2.82343	1.44576	5.1307	-12.4684	5.15	-12.45	-2.72625	1.8175
4.89451	-12.4175	-2.84706	1.4289	5.04446	-12.3808	5.05	-12.35	-1.8199	1.81989
4.8237	-12.3035	-2.61975	1.51617	4.92985	-12.2499	4.95	-12.25	-1.81991	1.8199
4.67424	-12.2031	-2.70413	1.68092	4.75061	-11.9803	4.85	-12.15	-1.99928	1.99929
4.631	-12.0908	-2.46246	1.755	4.75915	-12.0666	4.75	-12.05	-1.99928	1.99928
4.47986	-11.9776	-2.5416	1.90512	4.69113	-11.9084	4.7	-11.9	-0.908236	2.72471
4.47344	-11.8214	-2.18794	2.03284	4.64378	-11.7442	4.65	-11.75	-0.908231	2.7247
4.35337	-11.7486	-2.12072	1.74042	4.59746	-11.6205	4.6	-11.65	-0.909847	1.81971
4.37169	-11.611	-1.7668	1.8507	4.54975	-11.5706	4.55	-11.55	-0.909843	1.81969
4.23638	-11.4121	-2.09898	2.71173	4.47442	-11.3673	4.5	-11.35	-1.0008	4.0032
4.26472	-11.2263	-1.7468	2.83934	4.44059	-11.1496	4.45	-11.15	-1.0008	4.00321
4.18702	-11.1534	-1.54241	2.194	4.43713	-11.024	4.45	-11.05	0	1.81614
4.25185	-10.9833	-1.14973	2.32518	4.45136	-10.93	4.45	-10.95	0	1.81612
4.17673	-10.8575	-1.18884	2.33858	4.44745	-10.786	4.45	-10.8	0	2.72555
4.25942	-10.6828	-0.802495	2.46526	4.45788	-10.6457	4.45	-10.65	0	2.72554
4.20813	-10.5607	-0.813693	2.40865	4.46329	-10.5756	4.45	-10.5	0	2.729
4.28387	-10.3852	-0.499047	2.52579	4.44057	-10.3382	4.45	-10.35	0	2.72898
4.25362	-10.2681	-0.47583	2.394	4.51895	-10.2367	4.5	-10.2	0.908962	2.72687
4.36603	-10.0878	-0.115485	2.52982	4.54925	-10.0439	4.55	-10.05	0.908954	2.72685
4.35446	-9.96504	-0.115061	2.45381	4.63224	-9.9707	4.6	-9.9	0.909756	2.72927
4.47186	-9.78556	0.205392	2.58062	4.63755	-9.74952	4.65	-9.75	0.909752	2.72926
4.46667	-9.63941	0.152405	2.60987	4.60757	-9.4335	4.7	-9.6	0.90859	2.72578
4.58618	-9.4622	0.436734	2.71359	4.74589	-9.4609	4.75	-9.45	0.908586	2.72576
4.62425	-9.35542	0.560775	2.4342	4.89179	-9.39473	4.85	-9.3	1.81967	2.72952
4.77841	-9.17278	0.877706	2.57655	4.94849	-9.13867	4.95	-9.15	1.81967	2.72951
4.83544	-9.07771	1.01086	2.3137	4.95209	-8.96272	5	-9.05	0.999884	1.99977
4.94539	-8.94369	1.16066	2.37414	5.04121	-8.94979	5.05	-8.95	0.999874	1.99974
5.0083	-8.83133	1.17991	2.29001	5.20806	-8.88942	5.15	-8.8	1.81805	2.72708
5.1535	-8.66728	1.38524	2.40061	5.26887	-8.63564	5.25	-8.65	1.81803	2.72705
5.24237	-8.5838	1.54884	2.13434	5.3785	-8.56768	5.35	-8.55	1.99956	1.99957
5.37115	-8.45081	1.6795	2.21092	5.44864	-8.42738	5.45	-8.45	1.99954	1.99954
5.46489	-8.34731	1.71105	2.12374	5.56465	-8.44845	5.5	-8.35	0.909045	1.81807
5.55029	-8.23624	1.68868	2.10781	5.53862	-8.24357	5.55	-8.25	0.909045	1.81808
5.63335	-8.12503	1.66882	2.08576	5.64921	-8.02513	5.7	-8.1	2.72608	2.72608
5.77571	-7.98079	1.7967	2.17077	5.85094	-7.95601	5.85	-7.95	2.72606	2.72606
5.87743	-7.87769	1.85236	2.06785	5.93492	-7.84119	5.95	-7.85	1.81801	1.81801
6.01053	-7.74633	1.93044	2.11983	6.05986	-7.73559	6.05	-7.75	1.81802	1.81801
6.11288	-7.63999	1.93812	2.07168	6.13741	-7.63243	6.15	-7.65	1.81798	1.81798
6.22996	-7.52667	1.96228	2.0749	6.25659	-7.54336	6.25	-7.55	1.81798	1.81798
6.34058	-7.428	2.00689	1.99428	6.39143	-7.46358	6.35	-7.45	1.82027	1.82027
6.44566	-7.33217	1.99121	1.96139	6.452	-7.36418	6.45	-7.35	1.82025	1.82025
6.56802	-7.25921	2.20752	1.73509	6.47916	-7.09783	6.6	-7.25	2.99862	1.99908
6.70584	-7.15529	2.27457	1.78637	6.7556	-7.14598	6.75	-7.15	2.99862	1.99908
6.78155	-7.03496	1.97843	1.99841	6.68682	-6.93297	6.8	-7.05	0.908005	1.816
6.87941	-6.93519	1.95055	1.97004	6.86356	-6.94732	6.85	-6.95	0.908	1.81601
7.02036	-6.85921	2.20421	1.73695	7.08741	-6.92602	7	-6.85	2.72856	1.81904
7.14775	-6.75785	2.21976	1.7532	7.15695	-6.75136	7.15	-6.75	2.72854	1.81902
7.23827	-6.65443	2.01146	1.87723	7.29976	-6.68807	7.25	-6.65	1.8202	1.8202
7.34953	-6.55362	2.01252	1.87222	7.35505	-6.56058	7.35	-6.55	1.82018	1.82018
7.51591	-6.5052	2.50107	1.50235	7.53544	-6.5372	7.5	-6.5	2.99964	0.999884
7.64148	-6.43949	2.49937	1.48087	7.65664	-6.46417	7.65	-6.45	2.99964	0.999884
7.76385	-6.35808	2.42608	1.50452	7.67559	-6.34628	7.75	-6.4	1.81709	0.908549
7.87477	-6.30898	2.36778	1.4154	7.85193	-6.35845	7.85	-6.35	1.81709	0.908545
8.00002	-6.23762	2.34392	1.40619	8.03231	-6.28406	8	-6.25	2.72931	1.81954
8.13294	-6.15427	2.35442	1.42233	8.13749	-6.14586	8.15	-6.15	2.72928	1.81952
8.21425	-6.07325	2.1136	1.546	8.21488	-6.01843	8.25	-6.05	1.99977	1.99976
8.3298	-5.97707	2.13985	1.59512	8.33626	-5.94674	8.35	-5.95	1.99977	1.99976
8.49121	-5.91541	2.48067	1.38161	8.50318	-5.89335	8.5	-5.9	2.72796	0.909326
8.63328	-5.84439	2.49143	1.37216	8.65894	-5.86309	8.65	-5.85	2.72796	0.909321
8.7242	-5.75715	2.16011	1.53007	8.77185	-5.74314	8.75	-5.75	1.81776	1.81775
8.84935	-5.66063	2.17654	1.5625	8.85444	-5.64273	8.85	-5.65	1.81774	1.81773
8.9401	-5.58236	2.04016	1.61321	9.02394	-5.6024	8.95	-5.55	1.99657	1.99656
9.04943	-5.48335	2.05972	1.66037	9.05088	-5.45385	9.05	-5.45	1.99654	1.99655
9.2039	-5.41071	2.4216	1.47306	9.04088	-5.29691	9.2	-5.4	2.72728	0.909094
9.33873	-5.32786	2.42544	1.47818	9.34223	-5.32623	9.35	-5.35	2.72727	0.90909
9.42065	-5.23485	2.05929	1.62588	9.39579	-5.21659	9.45	-5.25	1.81816	1.81815
9.53999	-5.13833	2.07345	1.64566	9.55303	-5.13194	9.55	-5.15	1.81813	1.81813
9.63551	-5.0488	1.91539	1.69643	9.75019	-5.14652	9.65	-5.05	1.82036	1.82036
9.74745	-4.94441	1.93161	1.72665	9.7586	-4.93134	9.75	-4.95	1.82036	1.82037
9.83614	-4.84992	1.7909	1.76763	9.9198	-4.86941	9.85	-4.85	1.81578	1.81577
9.94079	-4.74697	1.80433	1.78372	9.95641	-4.74358	9.95	-4.75	1.81575	1.81575
10.0145	-4.64638	1.63467	1.83362	10.0029	-4.54771	10.05	-4.6	1.82039	2.7306
10.122	-4.50437	1.67856	1.94309	10.1428	-4.45119	10.15	-4.45	1.8204	2.7306
10.2023	-4.3985	1.60969	1.95447	10.1981	-4.26556	10.25	-4.3	1.81769	2.72652
10.3189	-4.23295	1.67664	2.10988	10.3644	-4.16342	10.35	-4.15	1.81768	2.7265
10.446	-4.1283	1.91324	2.02889	10.5985	-4.12247	10.45	-4.05	1.81792	1.81792
10.5549	-3.98827	1.92518	2.10209	10.5415	-3.9454	10.55	-3.95	1.8179	1.8179
10.6514	-3.87527	1.85047	2.11161	10.7092	-3.85166	10.65	-3.85	1.81903	1.81904
10.7557	-3.75475	1.85619	2.12369	10.7616	-3.75002	10.75	-3.75	1.81902	1.81903
10.7975	-3.63289	1.40725	2.22311	10.795	-3.60617	10.8	-3.6	0.909773	2.72931
10.8735	-3.49175	1.40723	2.27126	10.8527	-3.46164	10.85	-3.45	0.909764	2.72928
10.9786	-3.38475	1.68564	2.20316	10.9584	-3.30584	10.95	-3.3	1.99953	2.99928
11.0667	-3.22722	1.6994	2.32586	11.0447	-3.1561	11.05	-3.15	1.9995	2.99925
11.1039	-3.09761	1.27556	2.39495	11.1178	-2.98807	11.1	-3	0.907725	2.72317
11.1736	-2.9257	1.27879	2.49802	11.1427	-2.86566	11.15	-2.85	0.907708	2.72314
11.2196	-2.78872	1.11773	2.51672	11.1491	-2.68183	11.2	-2.7	0.908929	2.72678
11.2804	-2.61055	1.11981	2.61953	11.2525	-2.55311	11.25	-2.55	0.908929	2.72678
11.2133	-2.46612	0.163238	2.73103	11.1188	-2.36202	11.2	-2.4	-0.909276	2.72782
11.2124	-2.29319	0.14544	2.78809	11.1594	-2.25598	11.15	-2.25	-0.909276	2.72782
11.322	-2.1398	0.960121	2.70363	11.2029	-2.09837	11.25	-2.1	1.81915	2.72871
11.3716	-1.97768	0.954735	2.7382	11.3525	-1.95787	11.35	-1.95	1.81913	2.72869
11.3727	-1.8305	0.580307	2.75829	11.3011	-1.79507	11.35	-1.8	0	2.73035
11.3905	-1.67771	0.553455	2.75907	11.3326	-1.67041	11.35	-1.65	0	2.73033
11.3261	-1.54414	-0.0847081	2.78408	11.0622	-1.44342	11.3	-1.5	-0.999165	2.99748
11.3111	-1.38672	-0.104371	2.82967	11.2595	-1.35818	11.25	-1.35	-0.999155	2.99745
11.2599	-1.23574	-0.433691	2.83197	11.1658	-1.23674	11.2	-1.25	-0.909822	1.81964
11.2183	-1.11553	-0.467068	2.73641	11.1524	-1.15803	11.15	-1.15	-0.909822	1.81964
11.0942	-0.987341	-1.19067	2.73548	10.8534	-0.929069	11.05	-0.95	-1.99817	3.99632
11.0222	-0.800156	-1.21481	2.86591	10.9584	-0.728742	10.95	-0.75	-1.99816	3.99632
10.9715	-0.639419	-1.05884	2.87106	10.8608	-0.663121	10.9	-0.649999	-0.908549	1.8171
10.9033	-0.512752	-1.07612	2.78756	10.8648	-0.553034	10.85	-0.549999	-0.908532	1.81708
10.799	-0.36808	-1.4445	2.76403	10.8451	-0.437482	10.75	-0.45	-1.8174	1.81738
10.7066	-0.273483	-1.46527	2.6117	10.6542	-0.347474	10.65	-0.35	-1.8174	1.81738
10.5308	-0.146419	-2.20656	2.55705	10.5062	-0.245062	10.5	-0.25	-2.72796	1.81864
10.3972	-0.0692395	-2.22489	2.38938	10.3438	-0.150982	10.35	-0.15	-2.72796	1.81864
10.3057	0.0658076	-2.03206	2.40441	10.4884	-0.0812124	10.25	-0.0999996	-1.81964	0.909826
10.1881	0.0901153	-2.03363	2.12067	10.1537	-0.0482457	10.15	-0.0499992	-1.81963	0.909818
10.0336	0.200307	-2.34001	2.09356	9.92588	0.00395802	10	9.49949e-007	-2.73049	0.910169
9.89894	0.192692	-2.34029	1.77102	9.85676	0.0351738	9.85	0.0500011	-2.73047	0.910161
9.74006	0.286578	-2.54805	1.75366	9.63973	0.0585714	9.7	0.0500011	-2.72439	0
9.59429	0.231699	-2.54487	1.35551	9.54669	0.0374948	9.55	0.0500011	-2.72438	0
9.43297	0.304676	-2.68173	1.3465	9.32242	0.112393	9.4	0.100001	-2.72773	0.90923
9.28084	0.280148	-2.68284	1.08722	9.24446	0.153574	9.25	0.15	-2.7277	0.909222
9.12661	0.339888	-2.71607	1.08585	9.0614	0.20077	9.1	0.2	-2.72652	0.908843
8.9735	0.33866	-2.71867	0.925475	8.94752	0.260272	8.95	0.25	-2.72653	0.908843
8.87557	0.395872	-2.31887	0.958526	8.90199	0.247143	8.85	0.25	-1.81847	0
8.75337	0.36693	-2.30294	0.744248	8.76016	0.263752	8.75	0.25	-1.81846	0
8.54021	0.399816	-2.9594	0.696297	8.46355	0.258809	8.55	0.25	-3.6326	0
8.37562	0.356721	-2.9569	0.482376	8.35367	0.252596	8.35	0.25	-3.6326	0
8.22167	0.384829	-2.84165	0.491362	8.05161	0.241868	8.2	0.25	-2.72841	0
8.06578	0.339738	-2.8366	0.301984	8.05411	0.247878	8.05	0.25	-2.72842	0
7.91933	0.35759	-2.72399	0.309543	7.78653	0.205765	7.9	0.2	-2.72708	-0.909025
7.76776	0.273326	-2.72198	0.0434568	7.74339	0.144028	7.75	0.15	-2.72705	-0.909016
7.62386	0.275925	-2.71758	0.0439259	7.77346	0.0969346	7.6	0.100001	-2.73169	-0.910554
7.47342	0.175818	-2.71642	-0.225453	7.45362	0.0452052	7.45	0.0500011	-2.73169	-0.910554
7.30867	0.165648	-2.90015	-0.224884	7.15329	0.0425189	7.3	0.0500011	-2.99789	0
7.16514	0.100586	-2.89669	-0.366484	7.16618	0.0287673	7.15	0.0500011	-2.9979	0
7.07799	0.0759714	-2.35228	-0.376096	7.17215	-0.0469302	7.05	-0.0499995	-1.81811	-1.81813
6.95067	-0.0328798	-2.34927	-0.607989	6.95426	-0.147757	6.95	-0.15	-1.8181	-1.81811
6.85356	-0.0712785	-2.08915	-0.62483	6.83008	-0.250179	6.85	-0.25	-1.81646	-1.81646
6.7433	-0.210477	-2.0844	-0.900175	6.76395	-0.345347	6.75	-0.35	-1.81645	-1.81645
6.66479	-0.268369	-1.82466	-0.932065	6.74798	-0.457727	6.65	-0.45	-1.81901	-1.819
6.55881	-0.427684	-1.84433	-1.216	6.54569	-0.565853	6.55	-0.549999	-1.81899	-1.81898
6.53527	-0.520521	-1.24257	-1.32624	6.565	-0.754748	6.5	-0.749999	-0.909789	-3.63914
6.45735	-0.745701	-1.28103	-1.7256	6.4494	-0.940848	6.45	-0.949999	-0.909781	-3.63911
6.42287	-0.848285	-1.05973	-1.79381	6.44213	-1.11266	6.4	-1.1	-1.0002	-3.00061
6.3555	-1.07498	-1.11493	-2.15245	6.34405	-1.26138	6.35	-1.25	-1.0002	-3.00061
6.32055	-1.19765	-0.97133	-2.21466	6.39474	-1.36501	6.3	-1.35	-1.00035	-2.00072
6.26341	-1.35859	-1.00133	-2.34579	6.25356	-1.42931	6.25	-1.45	-1.00036	-2.00072
6.27636	-1.52415	-0.470372	-2.58269	6.24787	-1.61119	6.25	-1.6	0	-2.99288
6.24407	-1.69438	-0.500187	-2.68873	6.23547	-1.75335	6.25	-1.75	0	-2.99285
6.28058	-1.89542	0.0160145	-2.95746	6.41111	-1.93027	6.3	-1.9	0.909739	-2.72921
6.29577	-2.05176	0.0465913	-2.93967	6.34873	-2.05372	6.35	-2.05	0.909735	-2.72921
6.30001	-2.21732	0.00733271	-2.93318	6.53066	-2.26346	6.35	-2.2	0	-2.72782
6.31865	-2.35735	0.0522022	-2.87676	6.36917	-2.33894	6.35	-2.35	0	-2.72779
6.32299	-2.52551	0.0914601	-2.9197	6.27034	-2.51837	6.35	-2.55	0	-3.63689
6.32724	-2.7037	0.0830773	-2.96412	6.34287	-2.73391	6.35	-2.75	0	-3.63689
6.37169	-2.90972	0.415641	-3.19832	6.45883	-2.92313	6.4	-2.9	0.908854	-2.72658
6.40734	-3.07246	0.44727	-3.16327	6.43866	-3.06257	6.45	-3.05	0.908859	-2.72658
6.43921	-3.26266	0.52296	-3.23933	6.49154	-3.20004	6.5	-3.2	0.908863	-2.72658
6.49491	-3.39619	0.597461	-3.12409	6.53579	-3.34211	6.55	-3.35	0.908855	-2.72655
6.53219	-3.58017	0.621627	-3.16509	6.70146	-3.53446	6.6	-3.5	0.908714	-2.72613
6.59921	-3.70255	0.711938	-3.0316	6.64657	-3.63945	6.65	-3.65	0.908702	-2.72611
6.64277	-3.88332	0.765003	-3.09639	6.70956	-3.81739	6.7	-3.8	0.909565	-2.72871
6.71154	-4.01316	0.838037	-2.99219	6.74885	-3.96368	6.75	-3.95	0.909561	-2.72869
6.74557	-4.17829	0.777113	-2.97363	6.73758	-4.06653	6.8	-4.1	0.908566	-2.72568
6.81687	-4.30212	0.853993	-2.87054	6.85796	-4.25464	6.85	-4.25	0.908561	-2.72569
6.90014	-4.50252	1.1403	-3.11912	7.10395	-4.4909	6.95	-4.4	1.81821	-2.72732
6.99921	-4.62213	1.2391	-2.98499	7.04679	-4.55716	7.05	-4.55	1.81822	-2.72732
7.04728	-4.77951	1.12216	-2.92086	7.02393	-4.64459	7.1	-4.7	0.91085	-2.73253
7.12578	-4.9065	1.17208	-2.83649	7.13435	-4.85502	7.15	-4.85	0.910837	-2.73251
7.16318	-5.03897	1.01474	-2.73624	7.24619	-4.97657	7.2	-4.95	1.00033	-2.00068
7.23933	-5.12656	1.09016	-2.6121	7.25317	-5.04605	7.25	-5.05	1.00033	-2.00066
7.32601	-5.29848	1.42498	-2.91148	7.22054	-5.09604	7.35	-5.2	1.9976	-2.9964
7.41864	-5.40755	1.48619	-2.81824	7.43604	-5.34825	7.45	-5.35	1.9976	-2.9964
7.4492	-5.52647	1.11155	-2.53536	7.40989	-5.38617	7.5	-5.45	0.908252	-1.8165
7.53478	-5.62693	1.18007	-2.4354	7.55662	-5.56714	7.55	-5.55	0.908244	-1.81648
7.60929	-5.78212	1.35872	-2.61175	7.39379	-5.52612	7.65	-5.7	1.81785	-2.72677
7.71677	-5.88768	1.44483	-2.51187	7.76459	-5.8425	7.75	-5.85	1.81785	-2.72677
7.75339	-5.99713	1.10457	-2.25464	7.84699	-6.00602	7.8	-5.95	0.909078	-1.81815
7.83621	-6.08961	1.16493	-2.17351	7.85921	-6.04502	7.85	-6.05	0.909073	-1.81815
7.9254	-6.24247	1.4125	-2.4089	7.89511	-6.1416	7.95	-6.2	1.8197	-2.72955
8.02021	-6.36351	1.45434	-2.3769	8.05619	-6.36041	8.05	-6.35	1.81969	-2.72953
8.11788	-6.52034	1.60235	-2.53035	8.2234	-6.53735	8.15	-6.5	1.8187	-2.72807
8.22152	-6.64988	1.63998	-2.50292	8.25446	-6.64851	8.25	-6.65	1.81869	-2.72804
8.26691	-6.75591	1.29262	-2.22762	8.32206	-6.77114	8.3	-6.75	0.908979	-1.81795
8.33656	-6.86781	1.29359	-2.20326	8.31728	-6.8399	8.35	-6.85	0.908979	-1.81795
8.40182	-6.9944	1.30518	-2.2407	8.2713	-6.91098	8.4	-7	0.909094	-2.72732
8.45977	-7.13374	1.26857	-2.28273	8.44183	-7.15372	8.45	-7.15	0.909102	-2.72732
8.55303	-7.29294	1.49167	-2.51265	8.54154	-7.25975	8.55	-7.3	1.81751	-2.72628
8.63755	-7.44133	1.49309	-2.53531	8.65899	-7.4699	8.65	-7.45	1.81752	-2.72628
8.68603	-7.5566	1.20367	-2.29324	8.83598	-7.68162	8.7	-7.55	0.908615	-1.81723
8.76205	-7.66689	1.23153	-2.25329	8.76769	-7.64094	8.75	-7.65	0.908607	-1.81721
8.85214	-7.82356	1.46415	-2.497	8.77916	-7.72457	8.85	-7.8	1.8215	-2.73224
8.941	-7.95466	1.48526	-2.48035	8.95669	-7.95155	8.95	-7.95	1.82148	-2.73221
9.02028	-8.09309	1.51855	-2.53727	9.1081	-8.22433	9	-8.1	0.999025	-2.99707
9.0813	-8.2321	1.48067	-2.57014	9.05476	-8.24211	9.05	-8.25	0.999015	-2.99704
9.11449	-8.33297	1.09805	-2.2245	9.13825	-8.4037	9.1	-8.35	0.908285	-1.81657
9.1651	-8.45782	1.07522	-2.23339	9.14025	-8.44981	9.15	-8.45	0.908268	-1.81655
9.23132	-8.59816	1.16208	-2.34505	9.22081	-8.59155	9.2	-8.6	0.91012	-2.73036
9.27724	-8.74339	1.1156	-2.3886	9.25031	-8.76071	9.25	-8.75	0.910112	-2.73033
9.33863	-8.88506	1.14434	-2.44416	9.30208	-8.90831	9.3	-8.9	0.909524	-2.72856
9.38047	-9.03498	1.09093	-2.48672	9.34431	-9.04587	9.35	-9.05	0.909524	-2.72856
9.44182	-9.1772	1.17599	-2.6009	9.39993	-9.18842	9.4	-9.2	0.999066	-2.99725
9.47601	-9.3341	1.10981	-2.66992	9.4452	-9.37195	9.45	-9.35	0.999075	-2.99724
9.52746	-9.48014	1.06484	-2.64822	9.48751	-9.46421	9.5	-9.5	0.909706	-2.7291
9.57235	-9.63689	1.02958	-2.67816	9.55098	-9.64789	9.55	-9.65	0.909706	-2.7291
9.62073	-9.77747	1.0399	-2.71546	9.57122	-9.75525	9.6	-9.8	1.00048	-3.00143
9.65435	-9.92754	0.992576	-2.75414	9.62408	-9.94149	9.65	-9.95	1.00046	-3.00141
9.68164	-10.0487	0.853339	-2.62473	9.61433	-9.96417	9.7	-10.05	0.998785	-1.99755
9.73442	-10.1687	0.880867	-2.59579	9.7457	-10.1502	9.75	-10.15	0.998775	-1.99754
9.75256	-10.2847	0.646303	-2.35839	9.77731	-10.3295	9.75	-10.3	0	-2.72851
9.77666	-10.4278	0.614899	-2.39244	9.76557	-10.4501	9.75	-10.45	0	-2.72849
9.82643	-10.589	0.747609	-2.57125	9.89592	-10.7137	9.8	-10.6	0.909012	-2.72704
9.85926	-10.7395	0.725066	-2.59437	9.85066	-10.7537	9.85	-10.75	0.909012	-2.72703
9.87673	-10.8556	0.591467	-2.46422	9.84397	-10.9287	9.85	-10.9	0	-3.00318
9.88198	-11.0058	0.524827	-2.53271	9.85693	-11.0512	9.85	-11.05	0	-3.00316
9.90154	-11.1349	0.526124	-2.56124	9.74773	-11.0482	9.85	-11.2	0	-3.00013
9.89042	-11.2996	0.425167	-2.65496	9.84407	-11.3565	9.85	-11.35	0	-3.00012
9.9102	-11.4415	0.449197	-2.71206	9.79495	-11.4686	9.85	-11.5	0	-2.99592
9.89511	-11.6076	0.350071	-2.79173	9.83943	-11.6467	9.85	-11.65	0	-2.99592
9.85968	-11.6936	-0.0789851	-2.26464	9.76634	-11.6976	9.8	-11.75	-0.908731	-1.81746
9.81611	-11.8403	-0.179174	-2.32615	9.74774	-11.8511	9.75	-11.85	-0.908731	-1.81746
9.79869	-11.9679	-0.234837	-2.28115	9.7856	-12.1262	9.7	-12	-0.909591	-2.72875
9.73208	-12.1251	-0.373164	-2.36781	9.64482	-12.1455	9.65	-12.15	-0.909582	-2.72873
9.70283	-12.2546	-0.407957	-2.35067	9.57233	-12.2948	9.6	-12.3	-0.908879	-2.72667
9.62727	-12.4205	-0.547233	-2.44697	9.55167	-12.4583	9.55	-12.45	-0.908879	-2.72665
9.55429	-12.4979	-0.861656	-2.023	9.37132	-12.4833	9.45	-12.55	-1.82006	-1.82006
9.45037	-12.6381	-1.0069	-2.10331	9.359	-12.6499	9.35	-12.65	-1.82005	-1.82005
9.35399	-12.6771	-1.35297	-1.61096	9.16109	-12.6848	9.2	-12.75	-3.00047	-2.00033
9.18872	-12.8076	-1.60442	-1.74905	9.028	-12.8337	9.05	-12.85	-3.00048	-2.00033
9.07051	-12.863	-1.80533	-1.45879	8.85918	-12.7953	8.95	-12.9	-1.81543	-0.907707
8.92268	-12.9648	-1.92946	-1.51892	8.84257	-12.9684	8.85	-12.95	-1.81542	-0.907708
8.80345	-13.0387	-1.99443	-1.4473	8.66865	-13.0114	8.7	-13.05	-2.73134	-1.82089
8.64001	-13.1411	-2.13318	-1.51133	8.55319	-13.1445	8.55	-13.15	-2.73135	-1.82089
8.47715	-13.1132	-2.57128	-0.762224	8.27267	-12.996	8.4	-13.15	-2.99683	0
8.31695	-13.1602	-2.65092	-0.790169	8.25965	-13.1488	8.25	-13.15	-2.9968	0
8.16571	-13.213	-2.62691	-0.880236	8.04571	-13.0646	8.1	-13.2	-2.72707	-0.909028
7.99924	-13.2655	-2.68198	-0.894658	7.95841	-13.2508	7.95	-13.25	-2.72705	-0.90902
7.83171	-13.2823	-2.85013	-0.603618	7.866	-13.4154	7.8	-13.25	-2.7295	0
7.66324	-13.304	-2.87503	-0.582676	7.62489	-13.249	7.65	-13.25	-2.7295	0
7.50267	-13.3108	-2.98574	-0.398855	7.50783	-13.2944	7.5	-13.25	-2.99994	0
7.35748	-13.3117	-2.9684	-0.359053	7.3419	-13.2474	7.35	-13.25	-2.99994	0
7.16502	-13.2743	-3.19119	0.0802699	7.19781	-13.1973	7.2	-13.2	-2.72698	0.908995
7.02317	-13.2375	-3.09633	0.155028	7.04935	-13.1606	7.05	-13.15	-2.72695	0.908987
6.83712	-13.2128	-3.16809	0.26011	6.79473	-13.0433	6.85	-13.15	-3.63709	0
6.66209	-13.1904	-3.16734	0.276399	6.65123	-13.1604	6.65	-13.15	-3.63709	0
6.48565	-13.1459	-3.3019	0.544976	6.54115	-13.2079	6.5	-13.1	-3.0006	1.00018
6.34033	-13.0973	-3.2451	0.592352	6.35317	-13.0396	6.35	-13.05	-3.0006	1.00019
6.17301	-13.1327	-3.07888	0.10016	6.27012	-13.1139	6.25	-13.05	-1.81729	0
6.06613	-13.0958	-2.9119	0.177318	6.14459	-13.0471	6.15	-13.05	-1.81729	0
5.87568	-13.0147	-3.14915	0.738373	5.99498	-12.9442	6	-12.95	-2.72861	1.81906
5.77867	-12.929	-2.94345	0.84538	5.86379	-12.8408	5.85	-12.85	-2.72861	1.81907
5.61977	-12.8791	-3.00151	0.930747	5.73761	-12.8672	5.7	-12.8	-2.99988	0.999964
5.50864	-12.807	-2.89501	0.989959	5.55118	-12.7486	5.55	-12.75	-2.99985	0.999954
5.35938	-12.7759	-2.87873	0.868166	5.45236	-12.7392	5.45	-12.7	-2.00001	1
5.27707	-12.7015	-2.71322	0.942475	5.35556	-12.6423	5.35	-12.65	-1.99998	0.999994
5.12234	-12.6208	-2.83373	1.21697	5.26451	-12.5511	5.25	-12.55	-1.99732	1.99733
5.05099	-12.521	-2.64297	1.30829	5.13769	-12.4355	5.15	-12.45	-1.9973	1.9973
4.89587	-12.4457	-2.70157	1.40188	5.1317	-12.5744	5.05	-12.35	-1.8206	1.82059
4.83569	-12.3261	-2.46546	1.50432	4.94432	-12.2438	4.95	-12.25	-1.82058	1.82058
4.68399	-12.1866	-2.67201	2.03535	4.89215	-12.1623	4.85	-12.1	-1.9998	2.99969
4.63872	-12.0426	-2.43533	2.13652	4.75047	-11.9578	4.75	-11.95	-1.9998	2.9997
4.51419	-11.9646	-2.38585	1.90182	4.6421	-11.7788	4.7	-11.85	-1.00002	2.00003
4.49928	-11.8265	-2.10826	2.00797	4.63967	-11.7513	4.65	-11.75	-1.00001	2.00002
4.37306	-11.6941	-2.23071	2.28076	4.58347	-11.632	4.6	-11.6	-0.998955	2.99688
4.38899	-11.5321	-1.89311	2.40191	4.56619	-11.4576	4.55	-11.45	-0.99896	2.99689
4.27731	-11.3956	-1.96811	2.5271	4.46846	-11.2092	4.5	-11.3	-1.00106	3.00319
4.2973	-11.2224	-1.65475	2.64572	4.46017	-11.1425	4.45	-11.15	-1.00106	3.00319
4.22036	-11.1469	-1.48963	2.11426	4.43672	-11.0976	4.45	-11.05	0	1.8168
4.26373	-10.9909	-1.16144	2.22122	4.43803	-10.9525	4.45	-10.95	0	1.81679
4.18829	-10.8669	-1.2357	2.32885	4.40556	-10.7068	4.45	-10.8	0	3.00139
4.26201	-10.7064	-0.881231	2.44908	4.45507	-10.6618	4.45	-10.65	0	3.00138
4.23034	-10.6385	-0.742251	2.03775	4.44716	-10.5583	4.45	-10.55	0	2.00041
4.30065	-10.4963	-0.46033	2.14597	4.45187	-10.4417	4.45	-10.45	0	2.00038
4.2643	-10.3868	-0.501557	2.16506	4.45602	-10.2142	4.5	-10.3	0.999584	2.99875
4.37103	-10.2225	-0.154766	2.31319	4.55349	-10.1343	4.55	-10.15	0.999574	2.99871
4.34348	-10.0848	-0.243897	2.42734	4.56608	-10.005	4.55	-10	0	2.72717
4.42892	-9.90711	0.0152915	2.54523	4.55922	-9.84124	4.55	-9.85	0	2.72714
4.43453	-9.79782	0.100173	2.30897	4.62339	-9.6559	4.65	-9.7	1.8193	2.72895
4.57155	-9.61209	0.443315	2.46903	4.7439	-9.53522	4.75	-9.55	1.81929	2.72894
4.57074	-9.4748	0.341609	2.58522	4.74852	-9.27389	4.8	-9.4	1.00006	3.00019
4.69485	-9.29767	0.619343	2.71918	4.8446	-9.24095	4.85	-9.25	1.00005	3.00015
4.76491	-9.23152	0.912762	2.18743	4.98605	-9.20516	4.95	-9.15	2.00004	2.00005
4.8976	-9.08057	1.13802	2.30451	5.02283	-9.03066	5.05	-9.05	2.00004	2.00004
4.92562	-8.94991	0.974659	2.49115	5.12819	-8.95913	5.1	-8.9	0.999704	2.99911
5.04374	-8.7864	1.15459	2.59855	5.14109	-8.73073	5.15	-8.75	0.999689	2.99907
5.14482	-8.70223	1.42604	2.17243	5.33883	-8.81618	5.25	-8.65	1.81848	1.81849
5.27585	-8.5642	1.55836	2.232	5.36408	-8.56805	5.35	-8.55	1.81846	1.81846
5.32464	-8.43802	1.40919	2.37508	5.38848	-8.31037	5.45	-8.4	2.00068	3.00103
5.45255	-8.28682	1.55588	2.46807	5.53874	-8.25196	5.55	-8.25	2.00066	3.00099
5.55582	-8.19875	1.77633	2.16578	5.56632	-8.04704	5.65	-8.15	1.99952	1.99953
5.68321	-8.06942	1.87368	2.22759	5.7459	-8.05196	5.75	-8.05	1.9995	1.9995
5.75652	-7.95402	1.77244	2.29704	5.78426	-7.91676	5.8	-7.95	0.999944	1.99989
5.84198	-7.84984	1.76183	2.27262	5.84978	-7.88144	5.85	-7.85	0.999939	1.99988
5.9346	-7.75167	1.8328	2.15967	5.92249	-7.69769	5.95	-7.75	1.99772	1.99772
6.03042	-7.643	1.84244	2.16276	6.04031	-7.64732	6.05	-7.65	1.99771	1.9977
6.1376	-7.54136	1.91399	2.05393	6.16773	-7.55437	6.15	-7.55	1.8199	1.8199
6.23855	-7.436	1.90217	2.0354	6.23866	-7.45306	6.25	-7.45	1.8199	1.81991
6.3634	-7.36481	2.17065	1.74981	6.25322	-7.17734	6.4	-7.35	2.99605	1.99736
6.50118	-7.25942	2.24252	1.80278	6.55461	-7.24907	6.55	-7.25	2.99605	1.99736
6.64203	-7.18363	2.38835	1.64308	6.67172	-7.23041	6.65	-7.2	1.8206	0.910303
6.75739	-7.11562	2.34629	1.5857	6.74664	-7.15616	6.75	-7.15	1.8206	0.910298
6.83792	-7.02237	2.12144	1.74139	6.79888	-6.99594	6.85	-7.05	1.99848	1.99848
6.94386	-6.94198	2.11901	1.72605	6.95342	-6.96092	6.95	-6.95	1.99846	1.99846
7.08303	-6.87251	2.28949	1.56025	7.17955	-6.9446	7.1	-6.85	2.72688	1.81792
7.22833	-6.76256	2.33949	1.62427	7.24929	-6.7261	7.25	-6.75	2.72688	1.81792
7.32214	-6.66468	2.09713	1.77238	7.42782	-6.72337	7.35	-6.65	1.81821	1.81821
7.44739	-6.5579	2.12164	1.79834	7.46332	-6.54842	7.45	-6.55	1.81821	1.81821
7.57568	-6.4742	2.22937	1.69686	7.54452	-6.5069	7.55	-6.5	1.81726	0.908632
7.67533	-6.41466	2.16982	1.60754	7.65373	-6.46481	7.65	-6.45	1.81726	0.908632
7.83622	-6.35799	2.48017	1.37386	7.8635	-6.45394	7.8	-6.4	2.72951	0.909839
7.95633	-6.30773	2.43818	1.30741	7.94162	-6.34466	7.95	-6.35	2.72948	0.909826
8.03041	-6.22446	2.14268	1.4738	7.89525	-6.11857	8.05	-6.25	2.00047	2.00048
8.13449	-6.15001	2.13646	1.47422	8.12355	-6.14389	8.15	-6.15	2.00048	2.00048
8.25899	-6.08021	2.20178	1.41242	8.31422	-6.05705	8.3	-6.05	2.72702	1.81801
8.40342	-5.98327	2.25698	1.46826	8.45315	-5.97158	8.45	-5.95	2.727	1.818
8.50969	-5.91425	2.22464	1.46621	8.53167	-5.90349	8.55	-5.9	2.00127	1.00064
8.62713	-5.83619	2.23917	1.48045	8.64207	-5.83392	8.65	-5.85	2.00128	1.00064
8.76391	-5.78	2.41408	1.36747	8.88764	-5.82241	8.8	-5.75	2.99963	1.99976
8.90621	-5.68221	2.46704	1.44758	8.94256	-5.64534	8.95	-5.65	2.99961	1.99974
9.00226	-5.6074	2.23755	1.54366	9.21669	-5.64514	9.05	-5.55	1.99699	1.997
9.13182	-5.49865	2.28204	1.62734	9.15342	-5.45253	9.15	-5.45	1.997	1.99701
9.22642	-5.40327	2.08427	1.70395	9.16723	-5.29709	9.25	-5.35	1.8166	1.81659
9.35048	-5.28171	2.1101	1.77573	9.34852	-5.23619	9.35	-5.25	1.8166	1.81659
9.44483	-5.18218	1.97984	1.81762	9.39027	-5.1041	9.45	-5.15	1.8222	1.82219
9.55424	-5.07023	1.98398	1.84812	9.54207	-5.04728	9.55	-5.05	1.82219	1.82219
9.67603	-4.98912	2.16802	1.75859	9.62802	-5.02338	9.65	-5	1.99604	0.998028
9.77262	-4.92006	2.13947	1.70675	9.75	-4.94288	9.75	-4.95	1.99605	0.998028
9.85894	-4.82247	1.90569	1.7839	9.88102	-4.86216	9.85	-4.85	1.81895	1.81894
9.95584	-4.74091	1.88627	1.73988	9.94502	-4.76247	9.95	-4.75	1.81894	1.81894
10.0304	-4.64217	1.6675	1.80806	10.0747	-4.62454	10.05	-4.6	1.81966	2.72951
10.1339	-4.50587	1.69874	1.90472	10.1384	-4.4533	10.15	-4.45	1.81965	2.72948
10.2237	-4.40397	1.69783	1.89353	10.1743	-4.32841	10.25	-4.35	1.81908	1.81907
10.3279	-4.28088	1.72311	1.94496	10.3492	-4.25956	10.35	-4.25	1.81908	1.81907
10.4117	-4.18807	1.68383	1.9457	10.56	-4.15868	10.45	-4.1	2.00061	3.0009
10.5194	-4.03441	1.74037	2.09623	10.5557	-3.96034	10.55	-3.95	2.0006	3.0009
10.6336	-3.93824	1.92518	2.03663	10.7738	-3.89129	10.65	-3.85	1.99963	1.99964
10.7384	-3.80098	1.94789	2.12945	10.7394	-3.74821	10.75	-3.75	1.99962	1.99962
10.7586	-3.68756	1.37021	2.25929	10.7674	-3.58281	10.8	-3.6	0.999844	2.99952
10.8434	-3.51732	1.41045	2.41073	10.8596	-3.4348	10.85	-3.45	0.999834	2.99949
10.954	-3.40323	1.72359	2.33772	10.9601	-3.36033	10.95	-3.35	2.00065	2.00064
11.0444	-3.27187	1.73373	2.37627	11.0504	-3.25128	11.05	-3.25	2.00064	2.00064
11.0698	-3.1505	1.27856	2.45338	11.0282	-3.07488	11.1	-3.1	0.998546	2.99563
11.1432	-2.99309	1.30043	2.54514	11.1569	-2.944	11.15	-2.95	0.998526	2.9956
11.1348	-2.85198	0.686897	2.63556	11.1386	-2.78926	11.15	-2.8	0	2.73104
11.1693	-2.68571	0.682354	2.69061	11.141	-2.65084	11.15	-2.65	0	2.73102
11.172	-2.53843	0.430866	2.71868	11.1042	-2.54354	11.15	-2.55	0	1.81785
11.1831	-2.4207	0.404234	2.63327	11.1497	-2.45904	11.15	-2.45	0	1.81785
11.2814	-2.2916	1.03571	2.5537	11.1658	-2.25651	11.25	-2.25	1.99733	3.99465
11.343	-2.11617	1.05704	2.67979	11.3591	-2.05184	11.35	-2.05	1.99733	3.99465
11.3491	-1.97191	0.668651	2.70491	11.3117	-1.92025	11.35	-1.95	0	1.81854
11.3774	-1.84281	0.651607	2.652	11.3504	-1.8663	11.35	-1.85	0	1.81853
11.387	-1.69974	0.441308	2.66074	11.4185	-1.70062	11.35	-1.7	0	2.72762
11.4013	-1.54589	0.422139	2.67875	11.3568	-1.53205	11.35	-1.55	0	2.72762
11.3359	-1.40492	-0.242364	2.69899	11.2541	-1.38373	11.3	-1.4	-0.908846	2.72653
11.3073	-1.25231	-0.27166	2.70749	11.2429	-1.24238	11.25	-1.25	-0.908846	2.72653
11.2044	-1.11128	-0.919673	2.71268	11.0754	-1.08747	11.15	-1.1	-1.82014	2.73021
11.1351	-0.948735	-0.955773	2.74555	11.0544	-0.927069	11.05	-0.949999	-1.82013	2.73021
11.0631	-0.813888	-1.10683	2.74185	10.9247	-0.791254	11	-0.799999	-1.00036	3.00107
10.996	-0.662148	-1.12901	2.779	10.9434	-0.640459	10.95	-0.65	-1.00035	3.00104
10.874	-0.532708	-1.59897	2.75574	10.7146	-0.485949	10.85	-0.5	-2.00003	3.00006
10.7855	-0.381633	-1.61525	2.78979	10.7471	-0.362528	10.75	-0.35	-2.00002	3.00003
10.6887	-0.230081	-1.67949	2.78399	10.6895	-0.304531	10.65	-0.3	-1.81779	0.908892
10.5869	-0.15839	-1.69103	2.5689	10.547	-0.266677	10.55	-0.25	-1.81778	0.908893
10.4329	-0.0435252	-2.25883	2.52101	10.5032	-0.154501	10.4	-0.15	-3.00061	2.00041
10.3074	0.0280449	-2.27738	2.37669	10.2485	-0.0475524	10.25	-0.0499992	-3.0006	2.00041
10.2096	0.150761	-2.13029	2.39124	10.1407	-0.0721585	10.15	-0.0499992	-1.99645	0
10.0928	0.136742	-2.13577	2.03825	10.0313	-0.0518611	10.05	-0.0499992	-1.99644	0
9.94931	0.243303	-2.38025	2.01497	10.0898	-0.00166396	9.9	9.49949e-007	-2.73175	0.910584
9.80908	0.223553	-2.38625	1.67135	9.74695	0.0464954	9.75	0.0500011	-2.73174	0.910584
9.64325	0.301858	-2.71646	1.64442	9.50402	0.0833188	9.6	0.100001	-2.99544	0.998471
9.5015	0.286248	-2.71825	1.38619	9.45825	0.149456	9.45	0.15	-2.99545	0.998471
9.39176	0.368944	-2.35965	1.41854	9.22819	0.16178	9.35	0.15	-1.81963	0
9.26365	0.315424	-2.34582	1.07276	9.24456	0.139817	9.25	0.15	-1.81962	0
9.10562	0.365319	-2.6578	1.05065	9.0729	0.205961	9.1	0.2	-3.00059	1.0002
8.97352	0.347694	-2.65098	0.865995	8.96281	0.250937	8.95	0.25	-3.0006	1.0002
8.82461	0.389609	-2.78289	0.856956	8.84168	0.257617	8.8	0.25	-2.99995	0
8.68295	0.35493	-2.78186	0.652676	8.65606	0.24536	8.65	0.25	-2.99994	0
8.53448	0.387539	-2.82705	0.650831	8.43549	0.247188	8.5	0.25	-2.99323	0
8.38604	0.350701	-2.8349	0.467707	8.34184	0.250769	8.35	0.25	-2.9932	0
8.24364	0.377739	-2.73492	0.47504	8.27073	0.243988	8.2	0.25	-2.73233	0
8.08534	0.343728	-2.74714	0.31676	8.03847	0.260731	8.05	0.25	-2.73234	0
7.94184	0.35944	-2.80504	0.314357	7.98053	0.204587	7.9	0.2	-3.00234	-1.00078
7.7922	0.281362	-2.8178	0.067326	7.73327	0.149199	7.75	0.15	-3.00231	-1.00077
7.62704	0.284674	-2.96463	0.0635028	7.46173	0.143776	7.6	0.15	-2.99599	0
7.47588	0.230496	-2.96752	-0.087595	7.45455	0.149294	7.45	0.15	-2.99596	0
7.38153	0.225826	-2.41915	-0.0756199	7.37986	0.0951006	7.35	0.100001	-1.81801	-0.908998
7.25365	0.150317	-2.40771	-0.263253	7.26713	0.055036	7.25	0.0500011	-1.81801	-0.908998
7.10753	0.13658	-2.57181	-0.263017	7.32548	-0.0461763	7.1	-0.0499995	-2.72495	-1.81664
6.96113	0.0116039	-2.58099	-0.553678	6.93127	-0.133333	6.95	-0.15	-2.72492	-1.81662
6.93113	-0.032058	-1.74836	-0.59551	7.09668	-0.264116	6.9	-0.25	-0.910634	-1.82126
6.83804	-0.186198	-1.74662	-0.914645	6.84796	-0.34284	6.85	-0.35	-0.910622	-1.82124
6.67107	-0.215894	-2.36559	-0.849991	6.64638	-0.45061	6.7	-0.45	-2.99641	-1.99759
6.55009	-0.376767	-2.37968	-1.16121	6.54772	-0.536719	6.55	-0.549999	-2.99637	-1.99757
6.50938	-0.470087	-1.67055	-1.28474	6.50462	-0.718	6.5	-0.7	-0.909955	-2.72986
6.41989	-0.673942	-1.68272	-1.63411	6.45451	-0.851695	6.45	-0.85	-0.909955	-2.72986
6.39774	-0.785868	-1.19972	-1.7651	6.42547	-0.999512	6.4	-1	-0.999224	-2.99766
6.33345	-0.994217	-1.23118	-2.07899	6.3554	-1.1624	6.35	-1.15	-0.99921	-2.99763
6.27954	-1.12227	-1.08813	-2.13946	6.14523	-1.27904	6.3	-1.3	-0.908722	-2.72618
6.21298	-1.32949	-1.12373	-2.37222	6.2299	-1.45381	6.25	-1.45	-0.908718	-2.72616
6.26431	-1.54105	-0.213196	-2.76939	6.37158	-1.60661	6.3	-1.6	0.910485	-2.73144
6.26833	-1.71235	-0.188116	-2.81676	6.34473	-1.75136	6.35	-1.75	0.910481	-2.73144
6.27386	-1.86934	-0.0751414	-2.88639	6.34	-1.88987	6.35	-1.9	0	-2.99515
6.28685	-2.01806	-0.0440941	-2.89433	6.35828	-2.03886	6.35	-2.05	0	-2.99515
6.29182	-2.18679	-0.0168783	-2.9242	6.45002	-2.23466	6.35	-2.2	0	-2.72856
6.30232	-2.34097	0.00847581	-2.90583	6.34057	-2.34076	6.35	-2.35	0	-2.72854
6.34772	-2.54323	0.363755	-3.12992	6.4979	-2.56206	6.4	-2.5	0.908227	-2.7247
6.39293	-2.68242	0.427795	-3.04281	6.45265	-2.65056	6.45	-2.65	0.908223	-2.72467
6.3798	-2.82609	0.112873	-2.86857	6.46538	-2.81029	6.45	-2.8	0	-2.72732
6.40726	-2.95998	0.165932	-2.80541	6.45762	-2.94003	6.45	-2.95	0	-2.7273
6.45406	-3.15756	0.530581	-3.06642	6.36717	-3.08903	6.5	-3.15	0.909078	-3.6363
6.49683	-3.32513	0.55894	-3.06126	6.54349	-3.33906	6.55	-3.35	0.90907	-3.63626
6.53385	-3.50752	0.603527	-3.11695	6.6454	-3.53435	6.6	-3.5	0.910038	-2.7301
6.59053	-3.66636	0.657463	-3.08177	6.65608	-3.67065	6.65	-3.65	0.910033	-2.7301
6.62176	-3.84092	0.620433	-3.08012	6.70981	-3.81998	6.7	-3.8	0.908095	-2.7243
6.68465	-3.98171	0.692735	-3.00374	6.74422	-3.95901	6.75	-3.95	0.908091	-2.72428
6.70614	-4.14219	0.584867	-2.94863	6.72525	-4.05329	6.8	-4.1	0.910949	-2.73284
6.77058	-4.27469	0.665416	-2.87012	6.83817	-4.25449	6.85	-4.25	0.910945	-2.73284
6.78141	-4.40731	0.495045	-2.76283	6.86491	-4.32753	6.9	-4.35	0.999834	-1.99968
6.85417	-4.49751	0.616747	-2.63506	6.94879	-4.45387	6.95	-4.45	0.999829	-1.99966
6.92572	-4.67761	0.979041	-2.94862	6.99339	-4.57763	7.05	-4.6	1.99653	-2.99479
7.02591	-4.78642	1.1032	-2.84129	7.14339	-4.76622	7.15	-4.75	1.99653	-2.99479
7.05679	-4.91622	0.929379	-2.72724	7.11889	-4.79341	7.2	-4.85	1.00098	-2.00196
7.15605	-4.99984	1.06373	-2.58663	7.25883	-4.94719	7.25	-4.95	1.00097	-2.00194
7.20632	-5.14464	1.01254	-2.57186	7.28536	-5.09276	7.3	-5.1	0.90969	-2.72906
7.28732	-5.26449	1.07566	-2.51351	7.33925	-5.24908	7.35	-5.25	0.909677	-2.72904
7.38028	-5.43721	1.44975	-2.84708	7.33914	-5.30864	7.45	-5.4	1.99976	-2.99964
7.48209	-5.55983	1.52058	-2.7915	7.5499	-5.55354	7.55	-5.55	1.99976	-2.99964
7.51994	-5.67371	1.22273	-2.56821	7.59167	-5.64447	7.6	-5.65	1.00038	-2.00076
7.60609	-5.77232	1.28893	-2.49023	7.64483	-5.73357	7.65	-5.75	1.00037	-2.00074
7.68875	-5.93095	1.43434	-2.63896	7.6402	-5.81769	7.75	-5.9	1.81659	-2.7249
7.79199	-6.05883	1.49404	-2.59066	7.84396	-6.051	7.85	-6.05	1.81659	-2.7249
7.82927	-6.16961	1.13927	-2.31474	7.91394	-6.15143	7.9	-6.15	0.909251	-1.81851
7.91303	-6.27734	1.1931	-2.2623	7.95018	-6.25957	7.95	-6.25	0.909247	-1.81849
7.99007	-6.42244	1.29747	-2.37872	8.10134	-6.38026	8.05	-6.35	1.81576	-1.81577
8.10129	-6.50946	1.40168	-2.26316	8.15891	-6.45832	8.15	-6.45	1.81577	-1.81577
8.19948	-6.6625	1.57386	-2.43667	8.3424	-6.65648	8.25	-6.6	1.8218	-2.73269
8.30565	-6.77368	1.6259	-2.37751	8.33273	-6.74641	8.35	-6.75	1.8218	-2.73269
8.37839	-6.89898	1.49382	-2.28939	8.46635	-6.96022	8.4	-6.9	0.907987	-2.72401
8.45397	-7.03187	1.47654	-2.30749	8.44383	-7.03914	8.45	-7.05	0.907988	-2.72398
8.52919	-7.16309	1.4433	-2.30457	8.53661	-7.23635	8.5	-7.2	0.910054	-2.73014
8.58377	-7.32248	1.37632	-2.38896	8.55761	-7.36836	8.55	-7.35	0.910046	-2.73012
8.65607	-7.45528	1.41681	-2.45224	8.70486	-7.48959	8.65	-7.45	1.99827	-1.99828
8.73827	-7.56712	1.44597	-2.42321	8.7565	-7.55536	8.75	-7.55	1.99828	-1.99828
8.80677	-7.69965	1.39497	-2.40191	8.74707	-7.66927	8.8	-7.7	0.909061	-2.72717
8.87095	-7.84304	1.36279	-2.43219	8.85031	-7.85391	8.85	-7.85	0.909053	-2.72715
8.93385	-7.97481	1.29821	-2.3973	8.88546	-7.96913	8.9	-8	0.908945	-2.72688
8.98183	-8.13213	1.23621	-2.46375	8.95085	-8.16397	8.95	-8.15	0.908953	-2.72687
9.04137	-8.26899	1.19868	-2.45363	9.03618	-8.239	9.05	-8.25	1.82026	-1.82027
9.12761	-8.38014	1.25342	-2.3926	9.15149	-8.34807	9.15	-8.35	1.82025	-1.82026
9.20076	-8.5208	1.38256	-2.54434	9.14011	-8.44049	9.2	-8.5	0.999884	-2.99963
9.25732	-8.65369	1.35241	-2.56177	9.22902	-8.65053	9.25	-8.65	0.999874	-2.9996
9.31668	-8.78302	1.32916	-2.56372	9.23666	-8.722	9.3	-8.8	0.999284	-2.99783
9.37273	-8.92604	1.29978	-2.60083	9.36398	-8.95164	9.35	-8.95	0.999284	-2.99784
9.41041	-9.0412	1.023	-2.34322	9.47823	-9.13791	9.4	-9.05	0.909209	-1.81844
9.45911	-9.16971	1.00612	-2.34502	9.43696	-9.1575	9.45	-9.15	0.90921	-1.81843
9.51296	-9.30741	1.03398	-2.39997	9.44585	-9.27158	9.5	-9.3	0.908483	-2.72543
9.55868	-9.44721	1.00569	-2.42123	9.53884	-9.45193	9.55	-9.45	0.908475	-2.72542
9.61819	-9.5948	1.04456	-2.48838	9.6872	-9.68187	9.6	-9.6	0.909756	-2.72927
9.67149	-9.74021	1.03195	-2.50933	9.67284	-9.75791	9.65	-9.75	0.909739	-2.72923
9.73791	-9.89194	1.13523	-2.64584	9.86489	-10.0711	9.7	-9.9	0.998626	-2.99586
9.7773	-10.0369	1.0908	-2.68004	9.74713	-10.0467	9.75	-10.05	0.998616	-2.99584
9.80147	-10.1518	0.82317	-2.41102	9.75497	-10.1932	9.75	-10.2	0	-2.72857
9.80553	-10.3206	0.71517	-2.50645	9.74697	-10.3629	9.75	-10.35	0	-2.72854
9.84687	-10.4718	0.773	-2.5995	9.77249	-10.4428	9.8	-10.5	0.909773	-2.7293
9.87687	-10.6276	0.739376	-2.63264	9.86261	-10.6462	9.85	-10.65	0.909773	-2.7293
9.89222	-10.7508	0.550658	-2.4403	9.86786	-10.8223	9.85	-10.8	0	-2.72846
9.89044	-10.9115	0.466694	-2.51	9.8455	-10.9408	9.85	-10.95	0	-2.72844
9.90758	-11.0493	0.424839	-2.48783	9.84594	-11.0973	9.85	-11.1	0	-2.72748
9.89172	-11.2166	0.322464	-2.56841	9.83549	-11.2481	9.85	-11.25	0	-2.72745
9.90983	-11.3586	0.353819	-2.63517	9.8926	-11.4631	9.85	-11.4	0	-2.9967
9.89993	-11.5201	0.278035	-2.70952	9.87136	-11.5692	9.85	-11.55	0	-2.99671
9.89029	-11.6441	0.0766384	-2.47908	9.89882	-11.7746	9.8	-11.7	-0.909227	-2.72768
9.83568	-11.822	-0.0765101	-2.58978	9.74749	-11.8623	9.75	-11.85	-0.909218	-2.72765
9.81037	-11.9444	-0.231055	-2.41263	9.75738	-12.0161	9.7	-12	-0.908714	-2.72613
9.73995	-12.1159	-0.381282	-2.51601	9.65408	-12.1513	9.65	-12.15	-0.908706	-2.7261
9.68698	-12.216	-0.619501	-2.21428	9.60373	-12.2428	9.6	-12.25	-0.909639	-1.81931
9.6142	-12.3505	-0.715757	-2.25437	9.54006	-12.3354	9.55	-12.35	-0.90964	-1.8193
9.53136	-12.4171	-1.03264	-1.82922	9.38815	-12.3607	9.45	-12.45	-1.81824	-1.81825
9.42868	-12.5381	-1.1491	-1.88757	9.35049	-12.5377	9.35	-12.55	-1.81823	-1.81823
9.3372	-12.605	-1.39357	-1.55196	9.33568	-12.8372	9.2	-12.65	-2.72578	-1.81718
9.17731	-12.733	-1.60773	-1.66883	9.04708	-12.7528	9.05	-12.75	-2.72576	-1.81717
9.07783	-12.8197	-1.65899	-1.62332	8.97697	-12.8161	8.95	-12.85	-1.8192	-1.81921
8.93318	-12.934	-1.79651	-1.69285	8.84904	-12.9423	8.85	-12.95	-1.81921	-1.81921
8.81556	-13.0071	-1.90287	-1.55222	8.64934	-12.9537	8.7	-13.05	-2.72781	-1.81854
8.64484	-13.1265	-2.07486	-1.64331	8.5479	-13.1496	8.55	-13.15	-2.7278	-1.81853
8.48038	-13.1211	-2.51375	-0.889846	8.43462	-13.263	8.4	-13.15	-2.72644	0
8.31407	-13.1734	-2.58287	-0.904735	8.26001	-13.1483	8.25	-13.15	-2.72641	0
8.15591	-13.1709	-2.79931	-0.539285	8.10139	-13.1447	8.1	-13.15	-3.00083	0
7.9965	-13.1949	-2.84533	-0.539112	7.95138	-13.1593	7.95	-13.15	-3.00084	0
7.83989	-13.2444	-2.80591	-0.663528	7.85182	-13.2702	7.8	-13.2	-2.72553	-0.908516
7.67039	-13.2817	-2.84306	-0.669197	7.64076	-13.2654	7.65	-13.25	-2.72554	-0.908516
7.48021	-13.2497	-3.12767	-0.118517	7.51359	-13.2891	7.5	-13.2	-2.72544	0.908483
7.33878	-13.2225	-3.03994	-0.0412831	7.35762	-13.1417	7.35	-13.15	-2.72544	0.908483
7.16565	-13.2323	-3.04621	-0.0812729	7.19553	-13.2012	7.2	-13.15	-2.73035	0
7.02755	-13.2114	-2.96495	-0.0220257	7.05296	-13.1563	7.05	-13.15	-2.73035	0
6.84971	-13.196	-3.05667	0.129345	6.87644	-13.2105	6.85	-13.15	-3.63616	0
6.68299	-13.177	-3.04905	0.153898	6.672	-13.1364	6.65	-13.15	-3.63617	0
6.51771	-13.2065	-2.95934	-0.126483	6.53838	-13.1322	6.55	-13.15	-1.81656	0
6.40525	-13.1894	-2.82556	-0.0660479	6.46904	-13.1587	6.45	-13.15	-1.81657	0
6.22602	-13.1491	-2.98146	0.25891	6.22921	-13.0167	6.3	-13.1	-2.73109	0.910352
6.10972	-13.1017	-2.85177	0.336583	6.15723	-13.0319	6.15	-13.05	-2.73109	0.91036
5.91681	-12.9997	-3.12112	0.967778	5.95573	-12.8757	6	-12.95	-2.72331	1.81553
5.79946	-12.9119	-2.9731	1.04908	5.85711	-12.8423	5.85	-12.85	-2.72331	1.81554
5.63156	-12.8717	-2.96315	0.948443	5.73901	-12.8863	5.7	-12.8	-2.72842	0.909475
5.50961	-12.7971	-2.85306	1.00222	5.5559	-12.7556	5.55	-12.75	-2.72839	0.909466
5.33282	-12.7064	-2.98653	1.30006	5.41889	-12.6989	5.4	-12.65	-2.731	1.82067
5.20402	-12.6089	-2.88957	1.35931	5.23681	-12.5467	5.25	-12.55	-2.731	1.82066
5.03371	-12.5306	-2.93622	1.41152	5.16911	-12.5003	5.15	-12.45	-1.81821	1.8182
4.95305	-12.4161	-2.72074	1.50095	5.04959	-12.3548	5.05	-12.35	-1.8182	1.8182
4.8064	-12.3393	-2.7668	1.55315	4.99996	-12.3538	4.95	-12.25	-1.99957	1.99957
4.75803	-12.2196	-2.52589	1.65363	4.86969	-12.1416	4.85	-12.15	-1.99954	1.99955
4.62717	-12.1591	-2.50198	1.49366	4.83937	-12.0439	4.8	-12.05	-0.999954	1.99993
4.62034	-12.032	-2.18596	1.62035	4.77326	-11.9345	4.75	-11.95	-0.999959	1.99992
4.48007	-11.8862	-2.38072	2.108	4.5839	-11.6711	4.65	-11.8	-2.0002	3.00031
4.44255	-11.7366	-2.16047	2.21153	4.54148	-11.6336	4.55	-11.65	-2.0002	3.0003
4.33792	-11.6736	-2.06654	1.8461	4.53697	-11.5591	4.55	-11.55	0	1.99749
4.36759	-11.5316	-1.71423	1.97179	4.55238	-11.4548	4.55	-11.45	0	1.99746
4.23688	-11.3501	-1.95438	2.56192	4.47604	-11.2089	4.5	-11.25	-0.90916	3.63662
4.272	-11.1513	-1.57672	2.70766	4.45629	-11.0538	4.45	-11.05	-0.909152	3.63659
4.20547	-11.0878	-1.35106	2.01885	4.39651	-10.8822	4.45	-10.95	0	1.81807
4.27272	-10.9272	-0.979452	2.14975	4.45899	-10.8664	4.45	-10.85	0	1.81808
4.20657	-10.8101	-1.0271	2.18426	4.493	-10.7885	4.45	-10.7	0	2.72865
4.27934	-10.6365	-0.686675	2.32261	4.44058	-10.5544	4.45	-10.55	0	2.72864
4.23111	-10.5147	-0.707897	2.28995	4.44399	-10.3941	4.45	-10.4	0	2.72392
4.3052	-10.3359	-0.409382	2.42529	4.44086	-10.2469	4.45	-10.25	0	2.72391
4.27831	-10.221	-0.396616	2.31798	4.53204	-10.1814	4.5	-10.1	0.909624	2.72885
4.38723	-10.0348	-0.0533324	2.47275	4.54793	-9.94716	4.55	-9.95	0.909615	2.72884
4.38037	-9.91552	-0.0223635	2.33713	4.57622	-9.70975	4.6	-9.8	0.909111	2.72733
4.49876	-9.72849	0.291559	2.49143	4.64364	-9.63888	4.65	-9.65	0.909107	2.72732
4.51749	-9.61826	0.351253	2.31283	4.76628	-9.54952	4.75	-9.5	1.81921	2.7288
4.66365	-9.43491	0.6806	2.4684	4.82761	-9.37054	4.85	-9.35	1.81921	2.7288
4.68869	-9.30245	0.643159	2.46714	4.89701	-9.18082	4.9	-9.2	0.908739	2.72622
4.82167	-9.11435	0.897317	2.60891	4.94177	-9.04086	4.95	-9.05	0.908743	2.72623
4.90201	-9.02809	1.13238	2.19214	5.09012	-9.06486	5.05	-8.95	1.8169	1.81688
5.03778	-8.87359	1.32059	2.28974	5.1385	-8.8446	5.15	-8.85	1.81688	1.81688
5.10186	-8.75524	1.31058	2.24925	5.21345	-8.63875	5.25	-8.7	1.8201	2.73014
5.24498	-8.59205	1.49328	2.36031	5.33853	-8.54729	5.35	-8.55	1.82008	2.73013
5.3261	-8.4769	1.53359	2.25815	5.35874	-8.39385	5.4	-8.45	0.910244	1.82049
5.42856	-8.34915	1.57818	2.27353	5.46213	-8.36055	5.45	-8.35	0.910249	1.8205
5.48397	-8.23035	1.43695	2.3951	5.63723	-8.3352	5.55	-8.2	1.99657	2.99484
5.59056	-8.08769	1.52559	2.45851	5.63863	-8.05978	5.65	-8.05	1.99657	2.99485
5.69899	-7.98645	1.74458	2.16926	5.69655	-7.84304	5.75	-7.95	1.81871	1.81872
5.81359	-7.85728	1.79139	2.19876	5.84353	-7.85177	5.85	-7.85	1.81871	1.81871
5.93414	-7.76727	1.98425	1.95475	5.9537	-7.7033	6	-7.75	2.72961	1.81974
6.07752	-7.6486	2.06769	1.99449	6.14453	-7.66253	6.15	-7.65	2.72961	1.81974
6.17256	-7.55584	2.03516	1.98736	6.27	-7.55894	6.25	-7.55	1.9992	1.9992
6.29697	-7.44476	2.09055	2.02367	6.3386	-7.44193	6.35	-7.45	1.99918	1.99918
6.40733	-7.3422	2.08936	1.9888	6.44365	-7.32743	6.45	-7.35	1.81911	1.81911
6.52808	-7.23684	2.10177	1.98268	6.54947	-7.257	6.55	-7.25	1.81909	1.81909
6.63648	-7.15235	2.13904	1.91613	6.71635	-7.22979	6.65	-7.15	1.99996	1.99996
6.74901	-7.04816	2.15408	1.93753	6.7522	-7.03215	6.75	-7.05	1.99996	1.99996
6.87683	-6.97299	2.33044	1.76498	6.81357	-6.96259	6.85	-7	1.99752	0.998765
6.97477	-6.90517	2.28256	1.70958	6.95051	-6.93564	6.95	-6.95	1.99752	0.998765
7.10007	-6.81977	2.32653	1.64697	7.00414	-6.76319	7.1	-6.85	2.73035	1.82023
7.23298	-6.73442	2.33656	1.63753	7.25571	-6.75585	7.25	-6.75	2.73035	1.82023
7.32548	-6.64738	2.19822	1.7119	7.28718	-6.59248	7.35	-6.65	2.0006	2.0006
7.43519	-6.55835	2.19883	1.71977	7.42947	-6.54884	7.45	-6.55	2.00058	2.00058
7.56185	-6.49038	2.33361	1.6006	7.58756	-6.53752	7.55	-6.5	1.99841	0.999204
7.66766	-6.42389	2.30583	1.5639	7.65263	-6.44325	7.65	-6.45	1.99838	0.999195
7.82891	-6.37703	2.66705	1.30135	7.78988	-6.37954	7.8	-6.4	2.99952	0.999844
7.95772	-6.32168	2.6544	1.27651	7.95705	-6.33998	7.95	-6.35	2.99949	0.999829
8.03998	-6.22958	2.18217	1.54979	8.1289	-6.31809	8.05	-6.25	1.81603	1.81603
8.15813	-6.14447	2.17773	1.54837	8.15184	-6.14215	8.15	-6.15	1.81603	1.81603
8.24571	-6.05037	1.98874	1.64146	8.12981	-5.95044	8.25	-6.05	1.81921	1.81921
8.35408	-5.95833	1.98713	1.64539	8.34844	-5.95288	8.35	-5.95	1.81921	1.81921
8.52042	-5.89995	2.43955	1.36641	8.45627	-5.87026	8.5	-5.9	2.729	0.909673
8.65076	-5.83014	2.43022	1.35213	8.64546	-5.83668	8.65	-5.85	2.72898	0.909661
8.78011	-5.75968	2.44036	1.32787	8.68227	-5.68169	8.8	-5.75	2.72771	1.81848
8.92708	-5.67275	2.47086	1.36668	8.95179	-5.66017	8.95	-5.65	2.72772	1.81848
9.0061	-5.59295	2.16765	1.502	8.99196	-5.51961	9.05	-5.55	1.99939	1.9994
9.13072	-5.49047	2.20829	1.57517	9.15234	-5.45358	9.15	-5.45	1.9994	1.9994
9.24693	-5.40794	2.1804	1.5715	9.25593	-5.41629	9.25	-5.4	1.81776	0.90888
9.36018	-5.32925	2.16466	1.54987	9.3462	-5.33648	9.35	-5.35	1.81776	0.908875
9.40814	-5.2246	1.65831	1.76232	9.35852	-5.15981	9.45	-5.2	1.81545	2.72317
9.51903	-5.1004	1.70488	1.83656	9.55586	-5.07162	9.55	-5.05	1.81542	2.72314
9.61879	-5.00621	1.77474	1.7929	9.60543	-4.91132	9.65	-4.95	1.82145	1.82147
9.73174	-4.87723	1.81318	1.87435	9.75218	-4.8384	9.75	-4.85	1.82146	1.82146
9.84237	-4.78372	1.86507	1.83966	10.0131	-4.84834	9.85	-4.75	1.81961	1.8196
9.94983	-4.67287	1.87714	1.86577	9.9571	-4.66087	9.95	-4.65	1.8196	1.8196
10.0416	-4.58288	1.88483	1.85088	9.99978	-4.51909	10.05	-4.55	1.99827	1.99828
10.1452	-4.46734	1.908	1.91163	10.1558	-4.43582	10.15	-4.45	1.99826	1.99826
10.2169	-4.35817	1.68577	1.97294	10.1567	-4.25503	10.25	-4.3	1.81693	2.72538
10.3215	-4.2148	1.71591	2.06464	10.3312	-4.16698	10.35	-4.15	1.81692	2.72536
10.4312	-4.10733	1.85826	2.01225	10.3715	-4.04505	10.45	-4.05	1.81951	1.8195
10.5426	-3.97258	1.88076	2.07645	10.5551	-3.94162	10.55	-3.95	1.8195	1.81951
10.6453	-3.86178	1.88213	2.06619	10.6459	-3.84961	10.65	-3.85	1.81817	1.81818
10.7484	-3.74727	1.88141	2.06829	10.746	-3.7455	10.75	-3.75	1.81816	1.81817
10.8442	-3.63632	1.80537	2.07725	10.9384	-3.6422	10.85	-3.6	1.81621	2.7243
10.9491	-3.49187	1.82033	2.15583	10.9457	-3.45027	10.95	-3.45	1.8162	2.7243
10.987	-3.37012	1.32545	2.25284	11.1095	-3.32647	11	-3.3	0.908632	2.72588
11.062	-3.21094	1.33385	2.34392	11.0435	-3.16012	11.05	-3.15	0.908632	2.72588
11.1031	-3.08083	1.1285	2.3755	10.9851	-2.95299	11.1	-3	0.909905	2.72971
11.1684	-2.91138	1.13894	2.47672	11.1542	-2.85724	11.15	-2.85	0.909888	2.72968
11.1515	-2.77247	0.571997	2.55819	11.0233	-2.67356	11.15	-2.7	0	2.72847
11.1764	-2.60295	0.561924	2.63147	11.1324	-2.55807	11.15	-2.55	0	2.72844
11.1766	-2.46031	0.312315	2.65695	11.2541	-2.42353	11.15	-2.4	0	2.72732
11.1886	-2.29507	0.303518	2.70545	11.1569	-2.2658	11.15	-2.25	0	2.72732
11.2939	-2.14684	1.00792	2.6309	11.2203	-2.08998	11.25	-2.1	1.81905	2.72856
11.3514	-1.97769	1.01316	2.6952	11.3482	-1.94557	11.35	-1.95	1.81905	2.72856
11.2918	-1.83742	0.101903	2.74872	11.3928	-1.80815	11.3	-1.8	-0.90916	2.72747
11.2872	-1.66873	0.082984	2.79268	11.2389	-1.64141	11.25	-1.65	-0.909152	2.72745
11.2861	-1.51707	0.0275746	2.79101	11.3341	-1.51762	11.25	-1.5	0	2.72321
11.2831	-1.35747	0.0189199	2.80564	11.2625	-1.34833	11.25	-1.35	0	2.72321
11.2228	-1.21092	-0.478284	2.80897	11.3121	-1.19064	11.2	-1.2	-0.909524	2.72856
11.1885	-1.05667	-0.493514	2.80736	11.1556	-1.0549	11.15	-1.05	-0.909524	2.72856
11.0671	-0.913632	-1.20716	2.79779	10.9982	-0.893223	11.05	-0.9	-1.81945	2.72916
10.9901	-0.748956	-1.22763	2.82503	10.9445	-0.73319	10.95	-0.75	-1.81942	2.72913
10.926	-0.59288	-1.17672	2.82606	10.8362	-0.586	10.9	-0.599999	-0.909839	2.72952
10.8569	-0.439281	-1.18503	2.82108	10.8388	-0.441032	10.85	-0.449999	-0.909822	2.72949
10.681	-0.319439	-2.08174	2.75749	10.6309	-0.359954	10.7	-0.349999	-2.99538	1.99692
10.5721	-0.209538	-2.08812	2.68291	10.5529	-0.247121	10.55	-0.25	-2.99539	1.99691
10.4809	-0.0569416	-1.88865	2.70013	10.4322	-0.19515	10.45	-0.2	-1.81715	0.908579
10.3729	-0.0101396	-1.88726	2.43212	10.3505	-0.143257	10.35	-0.15	-1.81716	0.908579
10.2231	0.114735	-2.24869	2.39808	10.2068	-0.109014	10.2	-0.0999996	-2.73194	0.910655
10.0935	0.119967	-2.24805	2.0653	10.0541	-0.0441275	10.05	-0.0499992	-2.73194	0.910655
9.94387	0.229905	-2.43735	2.04862	9.89001	0.00816785	9.9	9.49949e-007	-2.72481	0.908268
9.80348	0.217611	-2.43736	1.71953	9.75876	0.0560308	9.75	0.0500011	-2.72477	0.90826
9.7008	0.317412	-2.17114	1.74382	9.63528	0.0929341	9.65	0.100001	-1.81759	0.908784
9.58305	0.297553	-2.15751	1.43964	9.56967	0.149506	9.55	0.15	-1.81757	0.908775
9.43785	0.372633	-2.39769	1.41844	9.56225	0.148577	9.4	0.15	-2.72659	0
9.30061	0.319294	-2.3966	1.073	9.25348	0.150166	9.25	0.15	-2.72658	0
9.14974	0.376939	-2.52718	1.06439	9.0821	0.207802	9.1	0.2	-2.72925	0.909752
8.99928	0.352029	-2.54278	0.844673	8.93575	0.243169	8.95	0.25	-2.72926	0.909752
8.84544	0.397053	-2.67872	0.835246	8.94634	0.26481	8.8	0.25	-2.72783	0
8.69077	0.360769	-2.68693	0.618957	8.64483	0.254352	8.65	0.25	-2.7278	0
8.53574	0.394891	-2.72269	0.617815	8.46866	0.251128	8.5	0.25	-2.72395	0
8.38316	0.350554	-2.72273	0.411891	8.35775	0.250149	8.35	0.25	-2.72395	0
8.23221	0.373298	-2.74596	0.411337	8.28111	0.196974	8.2	0.2	-2.73278	-0.910929
8.07505	0.290126	-2.75221	0.133388	8.03004	0.154113	8.05	0.15	-2.73279	-0.910929
7.85365	0.295434	-3.37821	0.112681	7.74678	0.154598	7.85	0.15	-3.9992	0
7.67764	0.234167	-3.38831	-0.0635196	7.63715	0.143302	7.65	0.15	-3.99916	0
7.59396	0.231233	-2.72012	-0.0487026	7.61982	0.157052	7.55	0.15	-1.99868	0
7.45509	0.200191	-2.72439	-0.124101	7.43926	0.160393	7.45	0.15	-1.99866	0
7.30273	0.193597	-2.75455	-0.124029	7.34481	0.102019	7.3	0.100001	-2.72622	-0.908734
7.15547	0.126239	-2.7455	-0.283248	7.16771	0.0463372	7.15	0.0500011	-2.72623	-0.908734
7.05434	0.10855	-2.3507	-0.285795	7.05721	-0.05037	7.05	-0.0499995	-1.81887	-1.81889
6.93123	-0.0107174	-2.33913	-0.558012	6.95035	-0.144849	6.95	-0.15	-1.81888	-1.81889
6.83982	-0.0464111	-2.0554	-0.574373	6.87212	-0.243254	6.85	-0.25	-1.81792	-1.81792
6.73388	-0.196294	-2.04577	-0.885067	6.76317	-0.34818	6.75	-0.35	-1.81792	-1.81792
6.63946	-0.249226	-1.9381	-0.899767	6.75759	-0.453523	6.65	-0.45	-1.81881	-1.8188
6.53712	-0.410391	-1.93886	-1.19278	6.56412	-0.553924	6.55	-0.549999	-1.81879	-1.81878
6.46756	-0.488083	-1.69029	-1.24036	6.60439	-0.765755	6.45	-0.749999	-1.81971	-3.63941
6.36592	-0.725471	-1.7289	-1.68405	6.36344	-0.942514	6.35	-0.949999	-1.81969	-3.63937
6.3942	-0.868348	-0.811922	-1.94468	6.35624	-1.10001	6.35	-1.1	0	-2.99522
6.34724	-1.08576	-0.848707	-2.25823	6.36321	-1.25111	6.35	-1.25	0	-2.99519
6.34274	-1.24094	-0.501297	-2.39932	6.30992	-1.40686	6.35	-1.4	0	-2.72817
6.31518	-1.44878	-0.521871	-2.59564	6.35537	-1.55723	6.35	-1.55	0	-2.72817
6.32435	-1.6202	-0.259495	-2.72359	6.50996	-1.74616	6.35	-1.7	0	-2.72628
6.31544	-1.79528	-0.257091	-2.78746	6.35448	-1.83673	6.35	-1.85	0	-2.72628
6.30694	-1.95712	-0.229146	-2.81634	6.38849	-2.02257	6.35	-2	0	-2.73154
6.30479	-2.11841	-0.21075	-2.83161	6.35078	-2.13767	6.35	-2.15	0	-2.73152
6.29778	-2.27024	-0.168981	-2.87241	6.28921	-2.27735	6.35	-2.3	0	-2.99503
6.29718	-2.41988	-0.155902	-2.88557	6.33355	-2.43768	6.35	-2.45	0	-2.99503
6.33148	-2.62424	0.235351	-3.14238	6.30986	-2.56694	6.4	-2.6	0.909996	-2.73
6.37399	-2.77009	0.305797	-3.07029	6.45623	-2.7536	6.45	-2.75	0.91	-2.73
6.40578	-2.96202	0.460827	-3.1924	6.40481	-2.87127	6.5	-2.9	0.907593	-2.72277
6.47021	-3.08106	0.564122	-3.04431	6.54629	-3.01951	6.55	-3.05	0.907584	-2.72274
6.49214	-3.24639	0.444036	-2.98612	6.70928	-3.32749	6.55	-3.25	0	-3.63617
6.51977	-3.42448	0.444928	-3.01977	6.54763	-3.45513	6.55	-3.45	0	-3.63613
6.55488	-3.6118	0.57227	-3.1376	6.52015	-3.55608	6.6	-3.6	0.909673	-2.72901
6.60661	-3.76009	0.624642	-3.07425	6.64571	-3.73674	6.65	-3.75	0.909661	-2.72898
6.64349	-3.94212	0.666576	-3.13217	6.71319	-3.83967	6.75	-3.85	1.81795	-1.81795
6.74503	-4.02972	0.838811	-2.91204	6.85201	-3.93663	6.85	-3.95	1.81793	-1.81793
6.81924	-4.22142	1.01932	-3.07	7.13409	-4.28567	6.9	-4.15	0.909979	-3.63994
6.90356	-4.35864	1.09212	-2.98712	6.9548	-4.32855	6.95	-4.35	0.909975	-3.6399
6.92645	-4.49936	0.79615	-2.7855	7.00947	-4.44692	7	-4.45	0.907889	-1.81577
7.00535	-4.60613	0.88981	-2.66438	7.05586	-4.55105	7.05	-4.55	0.907881	-1.81576
7.06552	-4.77283	0.991657	-2.77091	7.15974	-4.75194	7.1	-4.7	0.909789	-2.72935
7.13485	-4.8885	1.03843	-2.67913	7.13261	-4.82718	7.15	-4.85	0.909777	-2.72933
7.22486	-5.07679	1.33215	-2.94222	7.2829	-5.01975	7.25	-5	1.81861	-2.72792
7.3215	-5.20053	1.3978	-2.84498	7.34301	-5.14642	7.35	-5.15	1.81859	-2.72789
7.36893	-5.33334	1.25654	-2.75722	7.32687	-5.26205	7.4	-5.3	0.999994	-3
7.44247	-5.46043	1.28386	-2.72848	7.46174	-5.44979	7.45	-5.45	0.999999	-3
7.49665	-5.60631	1.1949	-2.68138	7.47116	-5.48352	7.55	-5.55	1.81749	-1.81749
7.60144	-5.70846	1.29761	-2.56244	7.65989	-5.6552	7.65	-5.65	1.81747	-1.81747
7.65822	-5.8458	1.17905	-2.49026	7.78563	-5.85993	7.7	-5.8	0.909598	-2.72881
7.73445	-5.97073	1.20857	-2.4586	7.75276	-5.95823	7.75	-5.95	0.909594	-2.72878
7.79507	-6.11139	1.20111	-2.47982	7.79663	-6.00945	7.85	-6.05	1.81964	-1.81964
7.89806	-6.20517	1.2985	-2.36855	7.95034	-6.15505	7.95	-6.15	1.81962	-1.81962
8.00334	-6.37068	1.64952	-2.69396	8.04642	-6.30578	8.05	-6.3	1.99731	-2.99599
8.11063	-6.47857	1.71401	-2.62275	8.14855	-6.44643	8.15	-6.45	1.99732	-2.99598
8.15599	-6.58738	1.32202	-2.31085	8.26534	-6.60186	8.2	-6.55	0.909111	-1.81822
8.24337	-6.68994	1.36374	-2.24871	8.25279	-6.64996	8.25	-6.65	0.909111	-1.81822
8.31306	-6.81939	1.37457	-2.28479	8.2109	-6.73286	8.3	-6.8	0.90845	-2.72534
8.37843	-6.94996	1.35017	-2.29935	8.35448	-6.94719	8.35	-6.95	0.908442	-2.72531
8.48372	-7.11562	1.59131	-2.54069	8.61718	-7.22425	8.45	-7.1	1.81925	-2.72886
8.5648	-7.25581	1.57703	-2.54402	8.54666	-7.24803	8.55	-7.25	1.81924	-2.72886
8.6396	-7.39398	1.50023	-2.50039	8.69659	-7.3744	8.65	-7.35	1.82079	-1.8208
8.74144	-7.4954	1.55707	-2.41076	8.74711	-7.43338	8.75	-7.45	1.8208	-1.8208
8.81673	-7.62391	1.59624	-2.47201	8.68846	-7.50096	8.8	-7.6	0.997629	-2.99288
8.88232	-7.7552	1.56173	-2.49421	8.84984	-7.75349	8.85	-7.75	0.997629	-2.99288
8.932	-7.86686	1.32605	-2.30061	8.77486	-7.80083	8.9	-7.9	0.909127	-2.72742
8.97796	-8.02595	1.2536	-2.38486	8.94604	-8.07116	8.95	-8.05	0.909127	-2.7274
9.01626	-8.13568	1.04611	-2.21159	8.92041	-8.11276	9	-8.15	0.909524	-1.81903
9.05984	-8.25669	1.01528	-2.21495	9.01893	-8.23506	9.05	-8.25	0.909516	-1.81902
9.11788	-8.39127	1.07313	-2.29808	9.04724	-8.3711	9.1	-8.4	0.909922	-2.72975
9.17063	-8.52432	1.05661	-2.31568	9.1628	-8.53304	9.15	-8.55	0.909913	-2.72976
9.25022	-8.68586	1.29838	-2.58352	9.09379	-8.55764	9.25	-8.7	1.8169	-2.72535
9.32746	-8.83313	1.30938	-2.59311	9.3508	-8.85468	9.35	-8.85	1.81688	-2.72532
9.38706	-8.97233	1.23269	-2.54183	9.40597	-8.96981	9.4	-9	0.910219	-2.73069
9.44817	-9.12828	1.21152	-2.58114	9.45338	-9.162	9.45	-9.15	0.910228	-2.73069
9.50559	-9.26368	1.19506	-2.5899	9.51544	-9.36256	9.5	-9.3	0.997908	-2.99371
9.5599	-9.41099	1.1753	-2.63123	9.56994	-9.45148	9.55	-9.45	0.997908	-2.99372
9.58732	-9.52291	0.880903	-2.34557	9.62711	-9.59131	9.6	-9.55	0.909971	-1.81993
9.63681	-9.65604	0.881673	-2.35477	9.64603	-9.66938	9.65	-9.65	0.909954	-1.81992
9.66825	-9.77613	0.771026	-2.26263	9.63311	-9.79216	9.65	-9.8	0	-2.73054
9.68372	-9.92627	0.699936	-2.33004	9.64842	-9.95866	9.65	-9.95	0	-2.73053
9.73527	-10.0737	0.889593	-2.56614	9.61381	-9.98703	9.7	-10.1	0.998187	-2.99456
9.76552	-10.2195	0.850088	-2.60984	9.7516	-10.2483	9.75	-10.25	0.998187	-2.99455
9.80965	-10.3703	0.862234	-2.65011	9.7698	-10.3568	9.8	-10.4	0.909806	-2.7294
9.85634	-10.522	0.858275	-2.66379	9.8633	-10.5382	9.85	-10.55	0.909797	-2.72938
9.87641	-10.6451	0.656093	-2.45833	9.8617	-10.6917	9.85	-10.7	0	-2.72718
9.88204	-10.811	0.574291	-2.53705	9.84674	-10.8547	9.85	-10.85	0	-2.72715
9.89286	-10.9353	0.453486	-2.42178	9.75887	-10.887	9.85	-11	0	-2.72395
9.89091	-11.0983	0.379981	-2.49662	9.86442	-11.1448	9.85	-11.15	0	-2.72395
9.90742	-11.2406	0.365453	-2.50714	9.87245	-11.316	9.85	-11.3	0	-2.73074
9.89344	-11.4082	0.275068	-2.58456	9.85036	-11.4464	9.85	-11.45	0	-2.73075
9.90387	-11.5547	0.243163	-2.57287	9.93142	-11.6783	9.85	-11.6	0	-2.72396
9.88384	-11.7179	0.157159	-2.63117	9.83174	-11.7336	9.85	-11.75	0	-2.72396
9.87523	-11.8371	0.0511695	-2.52167	9.80843	-11.8702	9.8	-11.9	-1.0005	-3.00149
9.82628	-12.0029	-0.0845793	-2.62557	9.75331	-12.0506	9.75	-12.05	-1.0005	-3.0015
9.75996	-12.0641	-0.583482	-1.97508	9.64519	-12.1714	9.65	-12.15	-1.81799	-1.81797
9.66215	-12.2105	-0.75229	-2.07866	9.55524	-12.2329	9.55	-12.25	-1.81797	-1.81797
9.6189	-12.3346	-0.73453	-2.13589	9.47014	-12.4324	9.45	-12.4	-1.82042	-2.73064
9.48398	-12.5104	-0.980355	-2.29232	9.34172	-12.5587	9.35	-12.55	-1.82041	-2.73063
9.40033	-12.5773	-1.24398	-1.9252	9.21558	-12.6577	9.25	-12.65	-1.99893	-1.99891
9.27003	-12.7144	-1.42153	-2.03418	9.16462	-12.7506	9.15	-12.75	-1.99891	-1.9989
9.17425	-12.8076	-1.53967	-1.88031	9.08802	-12.8351	9.05	-12.85	-1.81839	-1.81839
9.04014	-12.9345	-1.66699	-1.94532	8.95936	-12.9426	8.95	-12.95	-1.81838	-1.81838
8.9014	-12.9603	-2.07942	-1.29088	8.8569	-13.1416	8.8	-13	-2.72942	-0.909806
8.73779	-13.0499	-2.20535	-1.34458	8.65422	-13.0444	8.65	-13.05	-2.72941	-0.909806
8.61883	-13.1167	-2.23116	-1.33888	8.49168	-13.0983	8.5	-13.15	-2.99987	-1.99991
8.44311	-13.2154	-2.39846	-1.42432	8.3436	-13.2381	8.35	-13.25	-2.99984	-1.9999
8.27589	-13.1948	-2.77618	-0.750368	8.19421	-13.0768	8.25	-13.2	-1.99797	0.998985
8.15277	-13.2094	-2.72863	-0.698602	8.15674	-13.1486	8.15	-13.15	-1.99797	0.998985
7.99871	-13.258	-2.71495	-0.769127	7.9999	-13.1879	8	-13.2	-2.73	-0.910004
7.8558	-13.2881	-2.69515	-0.742221	7.85314	-13.2533	7.85	-13.25	-2.73	-0.910004
7.67119	-13.2622	-2.96309	-0.24854	7.57824	-13.1345	7.65	-13.25	-3.62957	0
7.49108	-13.2733	-3.0036	-0.247439	7.45422	-13.2433	7.45	-13.25	-3.62953	0
7.3166	-13.2848	-3.04415	-0.212346	7.33241	-13.2718	7.3	-13.25	-2.7301	0
7.14859	-13.2836	-3.0415	-0.18593	7.13166	-13.2372	7.15	-13.25	-2.73007	0
6.96678	-13.2795	-3.11316	-0.0803755	6.97467	-13.1643	7	-13.25	-2.72703	0
6.82048	-13.268	-3.04583	-0.0419745	6.84852	-13.2404	6.85	-13.25	-2.727	0
6.63257	-13.2345	-3.19759	0.260483	6.7113	-13.2598	6.7	-13.2	-2.72742	0.909144
6.50189	-13.1957	-3.0768	0.320586	6.55626	-13.1584	6.55	-13.15	-2.72742	0.909144
6.30953	-13.139	-3.21418	0.594465	6.32545	-12.9303	6.4	-13.1	-2.72703	0.908994
6.18538	-13.0812	-3.07434	0.656993	6.25112	-13.0473	6.25	-13.05	-2.727	0.908995
6.00708	-13.046	-3.10568	0.668822	6.09711	-13.0021	6.1	-13	-2.73	0.910004
5.88843	-12.9872	-2.96827	0.724563	5.95513	-12.9613	5.95	-12.95	-2.72998	0.909996
5.73167	-12.9515	-3.01783	0.789154	5.89343	-13.1185	5.8	-12.9	-2.99275	0.99759
5.61965	-12.8874	-2.911	0.846485	5.6635	-12.8347	5.65	-12.85	-2.99275	0.99758
5.4455	-12.8226	-3.00169	1.02714	5.61778	-12.8527	5.55	-12.75	-1.81993	1.81994
5.36138	-12.7193	-2.78311	1.13759	5.45219	-12.6228	5.45	-12.65	-1.81994	1.81994
5.19049	-12.6334	-2.86975	1.30243	5.30917	-12.4284	5.35	-12.55	-1.81722	1.81723
5.13073	-12.5173	-2.60828	1.41119	5.25069	-12.4448	5.25	-12.45	-1.81721	1.81721
4.97027	-12.4165	-2.71333	1.62938	5.13338	-12.4375	5.1	-12.35	-2.72881	1.8192
4.87813	-12.3044	-2.56252	1.68585	4.9499	-12.2734	4.95	-12.25	-2.72881	1.81921
4.73397	-12.2395	-2.52809	1.49377	4.92993	-12.1787	4.9	-12.15	-0.908467	1.81693
4.70552	-12.1105	-2.23421	1.60895	4.84027	-12.0359	4.85	-12.05	-0.908462	1.81692
4.55565	-11.9682	-2.42056	2.06706	4.79909	-11.9738	4.75	-11.9	-1.81788	2.72684
4.51917	-11.816	-2.16467	2.16311	4.63814	-11.758	4.65	-11.75	-1.81788	2.72683
4.39893	-11.734	-2.08723	1.84113	4.50688	-11.4491	4.6	-11.65	-0.909963	1.81994
4.3972	-11.5924	-1.7897	1.94455	4.5399	-11.541	4.55	-11.55	-0.909959	1.81992
4.26492	-11.4199	-2.00237	2.45859	4.46798	-11.2692	4.5	-11.35	-0.909227	3.63689
4.28927	-11.2325	-1.64734	2.59062	4.45518	-11.1556	4.45	-11.15	-0.909218	3.63686
4.21292	-11.1623	-1.49492	2.08651	4.47788	-11.2387	4.4	-11.05	-0.909227	1.81845
4.23586	-11.0078	-1.21808	2.189	4.36691	-10.9529	4.35	-10.95	-0.909222	1.81844
4.16582	-10.9131	-1.17007	1.97176	4.34978	-10.6819	4.4	-10.8	0.9094	2.72823
4.24673	-10.7457	-0.787193	2.12313	4.42489	-10.6572	4.45	-10.65	0.909396	2.72819
4.18329	-10.6145	-0.915032	2.35025	4.45256	-10.5332	4.45	-10.5	0	3.00113
4.27249	-10.4404	-0.559198	2.49721	4.44692	-10.3512	4.45	-10.35	0	3.00113
4.23699	-10.3251	-0.543071	2.38513	4.41237	-9.99477	4.5	-10.2	0.999524	2.99855
4.35755	-10.1426	-0.154262	2.55181	4.5556	-10.0446	4.55	-10.05	0.999524	2.99856
4.34224	-10.0238	-0.156137	2.48642	4.57379	-9.85032	4.6	-9.9	0.998267	2.9948
4.4707	-9.83964	0.201211	2.64703	4.65841	-9.75093	4.65	-9.75	0.998262	2.99479
4.50774	-9.75259	0.441793	2.13564	4.60255	-9.4741	4.7	-9.65	0.910924	1.82187
4.62276	-9.5942	0.678456	2.24837	4.74425	-9.53907	4.75	-9.55	0.910928	1.82186
4.64051	-9.4628	0.592648	2.33312	4.78405	-9.35872	4.8	-9.4	0.908038	2.72411
4.75897	-9.296	0.814725	2.44097	4.87523	-9.25457	4.85	-9.25	0.908033	2.7241
4.79874	-9.17377	0.831862	2.35327	4.92663	-9.02336	4.95	-9.1	1.81851	2.72776
4.93003	-9.00421	1.05229	2.46712	5.04624	-8.96378	5.05	-8.95	1.81852	2.72777
4.98214	-8.87865	1.06359	2.39441	5.1055	-8.72095	5.15	-8.8	1.8165	2.72476
5.1357	-8.69727	1.30794	2.53403	5.26299	-8.64398	5.25	-8.65	1.8165	2.72475
5.23838	-8.60639	1.55149	2.15906	5.34134	-8.5519	5.35	-8.55	1.82159	1.8216
5.36925	-8.46309	1.66818	2.22974	5.43218	-8.43885	5.45	-8.45	1.82157	1.82157
5.44506	-8.34151	1.59396	2.27081	5.5122	-8.36624	5.5	-8.35	0.908054	1.81609
5.53381	-8.22063	1.59514	2.26232	5.54143	-8.23537	5.55	-8.25	0.908054	1.8161
5.66902	-8.15647	1.94927	1.79891	5.72065	-8.20245	5.7	-8.15	2.72851	1.81902
5.80623	-8.0415	2.0248	1.84636	5.85207	-8.0316	5.85	-8.05	2.72849	1.81899
5.87207	-7.91729	1.73758	2.11192	5.99121	-7.96746	5.95	-7.9	1.81851	2.72777
6.00206	-7.77715	1.825	2.17923	6.04955	-7.75139	6.05	-7.75	1.81852	2.72777
6.11255	-7.67981	1.91483	2.04681	6.20599	-7.74241	6.15	-7.65	1.81739	1.81739
6.22838	-7.56251	1.94042	2.06177	6.2473	-7.56333	6.25	-7.55	1.81739	1.81739
6.33332	-7.46092	1.95325	2.01076	6.39144	-7.48582	6.35	-7.45	1.8164	1.81641
6.44086	-7.35333	1.95239	2.00387	6.44526	-7.36223	6.45	-7.35	1.81638	1.81638
6.57238	-7.27302	2.14019	1.79919	6.66209	-7.31025	6.6	-7.25	2.72856	1.81904
6.71296	-7.15697	2.19722	1.84804	6.74856	-7.14204	6.75	-7.15	2.72856	1.81904
6.81698	-7.05613	2.10961	1.88695	6.83447	-7.05268	6.85	-7.05	1.82066	1.82066
6.94578	-6.94993	2.13947	1.89873	6.97717	-6.96144	6.95	-6.95	1.82065	1.82065
7.0797	-6.88167	2.34964	1.70464	7.13677	-6.88363	7.1	-6.85	2.99976	1.99984
7.2205	-6.77373	2.40793	1.76742	7.2552	-6.74652	7.25	-6.75	2.99976	1.99984
7.27679	-6.65922	1.99207	2.03868	7.234	-6.59525	7.3	-6.65	0.999384	1.99876
7.36657	-6.55638	1.97082	2.03567	7.33491	-6.53948	7.35	-6.55	0.999369	1.99874
7.57621	-6.50838	2.69243	1.50986	7.67988	-6.69347	7.5	-6.55	2.72747	0
7.6857	-6.47879	2.59326	1.36781	7.64389	-6.55777	7.65	-6.55	2.72745	0
7.78569	-6.39263	2.25794	1.565	7.94309	-6.60222	7.75	-6.45	1.81623	1.81624
7.88781	-6.32561	2.20432	1.51021	7.84566	-6.34021	7.85	-6.35	1.81623	1.81624
8.04073	-6.26612	2.47957	1.30869	7.9171	-6.24084	8	-6.3	2.72648	0.908821
8.16412	-6.21071	2.44693	1.26385	8.14601	-6.23101	8.15	-6.25	2.72645	0.908817
8.22367	-6.11409	1.88556	1.58478	8.37368	-6.18614	8.25	-6.1	1.81898	2.72847
8.34291	-5.99915	1.92639	1.65755	8.35502	-5.95811	8.35	-5.95	1.81897	2.72844
8.514	-5.94342	2.44262	1.34049	8.43843	-5.87193	8.5	-5.9	2.72647	0.90883
8.64711	-5.86894	2.4401	1.34171	8.64201	-5.86567	8.65	-5.85	2.72645	0.908817
8.7388	-5.78443	2.14264	1.48245	8.76652	-5.75601	8.75	-5.75	1.81789	1.81788
8.86114	-5.68432	2.1568	1.52905	8.85198	-5.65134	8.85	-5.65	1.81789	1.81788
8.99798	-5.6126	2.33868	1.41888	8.91028	-5.47662	9	-5.55	2.73109	1.82073
9.1367	-5.50567	2.36735	1.49346	9.13482	-5.45989	9.15	-5.45	2.73106	1.82072
9.23574	-5.41919	2.13642	1.58485	9.32693	-5.39468	9.25	-5.35	1.81796	1.81795
9.35499	-5.307	2.146	1.64674	9.33045	-5.26019	9.35	-5.25	1.81794	1.81793
9.48944	-5.22672	2.29932	1.56359	9.4498	-5.12838	9.5	-5.15	2.72905	1.81937
9.63113	-5.10084	2.33993	1.66783	9.63754	-5.04328	9.65	-5.05	2.72903	1.81935
9.67649	-5.00313	1.78697	1.87588	9.83281	-5.00671	9.7	-4.95	0.998666	1.99733
9.76769	-4.88733	1.79567	1.93069	9.74856	-4.84745	9.75	-4.85	0.998656	1.99731
9.87327	-4.78845	1.83722	1.90097	9.96003	-4.81123	9.85	-4.75	1.8172	1.81719
9.9667	-4.67995	1.82257	1.90789	9.93394	-4.66432	9.95	-4.65	1.81717	1.81717
10.0708	-4.58119	1.84814	1.88577	10.1357	-4.58625	10.05	-4.55	1.82042	1.82043
10.169	-4.46613	1.84363	1.91345	10.1444	-4.44253	10.15	-4.45	1.82041	1.82042
10.3187	-4.37586	2.2188	1.7782	10.3185	-4.35401	10.3	-4.35	2.72672	1.81782
10.4453	-4.26525	2.23027	1.81197	10.4496	-4.24828	10.45	-4.25	2.7267	1.8178
10.4658	-4.15006	1.44183	2.03735	10.5826	-4.11494	10.5	-4.1	0.908764	2.72628
10.5541	-4.00186	1.46589	2.13173	10.5542	-3.95161	10.55	-3.95	0.908764	2.72628
10.6374	-3.88867	1.4937	2.11428	10.6618	-3.807	10.65	-3.8	1.8194	2.72911
10.7375	-3.72039	1.53735	2.2523	10.7602	-3.65417	10.75	-3.65	1.81939	2.72908
10.8493	-3.60316	1.74913	2.19357	10.8593	-3.57039	10.85	-3.55	1.81839	1.81838
10.9448	-3.47698	1.7485	2.20758	10.9375	-3.46792	10.95	-3.45	1.81838	1.81838
10.9797	-3.35202	1.28115	2.29807	11.0183	-3.30073	11	-3.3	0.908549	2.72563
11.059	-3.19088	1.3025	2.38955	11.0672	-3.14607	11.05	-3.15	0.908549	2.72564
11.1042	-3.05994	1.10763	2.41775	11.1054	-3.01303	11.1	-3	0.90888	2.72663
11.1651	-2.8947	1.11091	2.50093	11.1428	-2.8481	11.15	-2.85	0.908863	2.72661
11.2098	-2.75847	1.0007	2.51143	11.1758	-2.69942	11.2	-2.7	0.909988	2.72995
11.2659	-2.58718	1.00561	2.59794	11.2495	-2.5409	11.25	-2.55	0.909988	2.72995
11.212	-2.44695	0.109563	2.69956	11.4549	-2.46508	11.2	-2.4	-0.907692	2.72306
11.211	-2.2756	0.0975542	2.75693	11.1705	-2.24061	11.15	-2.25	-0.907683	2.72304
11.3274	-2.12423	0.982292	2.66614	11.2202	-2.08177	11.25	-2.1	1.8219	2.73284
11.376	-1.97605	0.972198	2.66989	11.3536	-1.97104	11.35	-1.95	1.82188	2.73281
11.3614	-1.83184	0.485545	2.69876	11.224	-1.77367	11.35	-1.8	0	2.71996
11.3851	-1.66668	0.480089	2.74084	11.3661	-1.64386	11.35	-1.65	0	2.71993
11.3778	-1.5188	0.250437	2.7473	11.2691	-1.47976	11.35	-1.5	0	2.73448
11.3817	-1.35949	0.231964	2.76823	11.3391	-1.34511	11.35	-1.35	0	2.73446
11.2656	-1.23352	-0.750575	2.77976	11.2507	-1.19626	11.25	-1.2	-1.99969	2.99952
11.2148	-1.07423	-0.775145	2.83096	11.1532	-1.04324	11.15	-1.05	-1.99967	2.99949
11.1468	-0.93531	-0.955964	2.82781	10.9697	-0.89157	11.1	-0.9	-1.00006	3.00024
11.0935	-0.772922	-0.966573	2.88228	11.0654	-0.742685	11.05	-0.75	-1.00006	3.00021
10.987	-0.622752	-1.36302	2.86394	10.8913	-0.655608	10.95	-0.649999	-1.81771	1.81773
10.898	-0.50179	-1.38772	2.76615	10.8418	-0.549005	10.85	-0.549999	-1.81772	1.81773
10.804	-0.353335	-1.53469	2.75626	10.827	-0.442912	10.75	-0.45	-1.81842	1.8184
10.7086	-0.267815	-1.55116	2.58157	10.6642	-0.353413	10.65	-0.35	-1.8184	1.81839
10.5318	-0.155824	-2.33549	2.52514	10.5503	-0.248633	10.5	-0.25	-3.00035	2.00024
10.4029	-0.0898283	-2.35294	2.36555	10.3487	-0.171899	10.35	-0.15	-3.00032	2.00022
10.2986	0.0309425	-2.23755	2.37504	10.2559	-0.115293	10.25	-0.0999996	-2.00053	1.00027
10.1789	0.06794	-2.24479	2.15923	10.137	-0.0462889	10.15	-0.0499992	-2.00053	1.00027
10.0792	0.178198	-2.14327	2.16875	10.0717	0.0165033	10.05	9.49949e-007	-2.00009	1.00004
9.96638	0.191116	-2.14467	1.91681	9.92833	0.0556031	9.95	0.0500011	-2.00006	1.00003
9.81271	0.278905	-2.52226	1.88054	9.8478	0.0279858	9.8	0.0500011	-3.00025	0
9.68433	0.23467	-2.51318	1.51634	9.65029	0.0372757	9.65	0.0500011	-3.00024	0
9.53007	0.306953	-2.74351	1.49808	9.54682	0.0997641	9.5	0.100001	-2.99825	0.999409
9.3858	0.282358	-2.74786	1.23554	9.33515	0.138463	9.35	0.15	-2.99825	0.999409
9.29117	0.356368	-2.33854	1.26771	9.46113	0.134275	9.25	0.15	-1.81915	0
9.16207	0.31417	-2.33111	0.973328	9.13787	0.161547	9.15	0.15	-1.81913	0
9.00151	0.358705	-2.68478	0.948824	9.02723	0.196492	9	0.2	-2.99927	0.99976
8.86111	0.341696	-2.69169	0.778818	8.82128	0.250523	8.85	0.25	-2.99927	0.99976
8.70398	0.378916	-2.86064	0.767654	8.67607	0.247512	8.7	0.25	-2.99873	0
8.56129	0.346761	-2.85503	0.581868	8.54916	0.247046	8.55	0.25	-2.99871	0
8.41911	0.380377	-2.74189	0.590481	8.44086	0.253341	8.4	0.25	-2.72872	0
8.26355	0.347655	-2.74727	0.418876	8.2302	0.258614	8.25	0.25	-2.72871	0
8.11103	0.367859	-2.86404	0.412675	8.1066	0.204722	8.1	0.2	-2.99909	-0.9997
7.96781	0.279404	-2.85768	0.125505	7.94777	0.127954	7.95	0.15	-2.9991	-0.9997
7.81304	0.285738	-2.95286	0.123118	7.82213	0.149733	7.8	0.15	-3.00101	0
7.66138	0.233918	-2.95804	-0.0296553	7.63383	0.15164	7.65	0.15	-3.00099	0
7.5207	0.232591	-2.7762	-0.0248217	7.49691	0.101076	7.5	0.100001	-2.72698	-0.908982
7.36644	0.160674	-2.7775	-0.210483	7.35046	0.0656199	7.35	0.0500011	-2.72695	-0.908974
7.26698	0.148781	-2.43148	-0.209809	7.13188	-0.00451978	7.25	9.49949e-007	-2.00032	-1.00016
7.14764	0.0565855	-2.42673	-0.424927	7.14965	-0.0559868	7.15	-0.0499992	-2.0003	-1.00015
6.97836	0.0353593	-2.65624	-0.419024	6.77233	-0.150907	7	-0.15	-2.72534	-1.8169
6.83796	-0.0910041	-2.64699	-0.690645	6.85872	-0.227918	6.85	-0.25	-2.72532	-1.81688
6.80314	-0.142522	-1.85528	-0.753284	6.70421	-0.347264	6.8	-0.349999	-1.00053	-2.00107
6.71653	-0.289988	-1.84983	-1.04211	6.74687	-0.441006	6.75	-0.449999	-1.00054	-2.00107
6.6237	-0.342549	-1.88063	-1.04116	6.72084	-0.550555	6.65	-0.549999	-2.00016	-2.00017
6.53079	-0.489872	-1.8882	-1.29156	6.54837	-0.624094	6.55	-0.65	-2.00016	-2.00017
6.49873	-0.57868	-1.37042	-1.3973	6.40088	-0.78131	6.5	-0.799999	-0.999884	-2.99963
6.42768	-0.776487	-1.39408	-1.733	6.44859	-0.960126	6.45	-0.949999	-0.999884	-2.99963
6.39836	-0.885588	-1.068	-1.83199	6.37766	-1.0844	6.4	-1.1	-0.999984	-2.99995
6.33908	-1.08523	-1.1017	-2.1144	6.35596	-1.24356	6.35	-1.25	-0.999969	-2.99992
6.35629	-1.23506	-0.564196	-2.31646	6.5527	-1.43518	6.35	-1.4	0	-3.00132
6.32479	-1.43029	-0.591957	-2.52261	6.35503	-1.55184	6.35	-1.55	0	-3.00129
6.30862	-1.58497	-0.458811	-2.5929	6.33086	-1.6454	6.35	-1.65	0	-1.81769
6.29425	-1.73263	-0.438695	-2.60443	6.34356	-1.7483	6.35	-1.75	0	-1.81769
6.3204	-1.9025	-0.0394832	-2.80775	6.34522	-1.96081	6.35	-1.95	0	-3.99976
6.31775	-2.07288	-0.0515107	-2.88421	6.34095	-2.12276	6.35	-2.15	0	-3.99972
6.30369	-2.21426	-0.141676	-2.85162	6.3068	-2.23646	6.35	-2.25	0	-2
6.3077	-2.35141	-0.117633	-2.83605	6.34785	-2.35274	6.35	-2.35	0	-1.99998
6.30571	-2.5047	-0.0587054	-2.88933	6.26272	-2.46894	6.35	-2.5	0	-3
6.31615	-2.64233	-0.0292917	-2.86983	6.36265	-2.64414	6.35	-2.65	0	-3
6.35586	-2.82989	0.338875	-3.12091	6.38105	-2.77438	6.4	-2.8	1.00003	-3.00012
6.39557	-2.96513	0.393414	-3.06488	6.461	-2.95066	6.45	-2.95	1.00003	-3.00009
6.45348	-3.16121	0.727731	-3.30966	6.50958	-3.15806	6.5	-3.15	0.999284	-3.99712
6.50117	-3.3334	0.747797	-3.32376	6.55345	-3.36165	6.55	-3.35	0.999284	-3.99712
6.51638	-3.49872	0.516705	-3.17952	6.64067	-3.46888	6.6	-3.45	0.909922	-1.81983
6.5789	-3.62093	0.610089	-3.04382	6.63536	-3.55462	6.65	-3.55	0.909917	-1.81984
6.62748	-3.79913	0.780162	-3.19073	6.70376	-3.69784	6.7	-3.7	0.999335	-2.99802
6.69918	-3.91	0.869444	-3.06455	6.75151	-3.84595	6.75	-3.85	0.99934	-2.99802
6.72934	-4.07438	0.777862	-3.02275	6.65288	-3.91672	6.8	-4	0.908549	-2.72564
6.80357	-4.20063	0.861045	-2.91818	6.85764	-4.15466	6.85	-4.15	0.908537	-2.72561
6.81944	-4.34164	0.600076	-2.74465	6.9447	-4.2991	6.9	-4.25	0.90988	-1.81977
6.89492	-4.42785	0.717115	-2.57815	6.94846	-4.34203	6.95	-4.35	0.909876	-1.81975
6.95078	-4.58354	0.880448	-2.72822	7.09552	-4.55441	7	-4.5	1.00008	-3.00024
7.01364	-4.68987	0.933034	-2.65091	7.03506	-4.6461	7.05	-4.65	1.00008	-3.00024
7.10381	-4.87111	1.28666	-2.95589	7.25009	-4.88515	7.15	-4.8	1.99984	-2.99976
7.20266	-4.9789	1.37661	-2.85046	7.26242	-4.9318	7.25	-4.95	1.99984	-2.99976
7.23344	-5.09613	1.06819	-2.62846	7.33292	-5.08676	7.3	-5.05	1.00028	-2.00057
7.31208	-5.19614	1.13508	-2.54634	7.3521	-5.15533	7.35	-5.15	1.00028	-2.00056
7.36562	-5.33042	1.13154	-2.56891	7.40318	-5.28627	7.4	-5.3	1.00003	-3.00012
7.4289	-5.45164	1.14885	-2.54976	7.44098	-5.44336	7.45	-5.45	1.00004	-3.00012
7.49181	-5.59479	1.23436	-2.64685	7.46878	-5.50726	7.55	-5.55	1.99961	-1.99961
7.5924	-5.68837	1.33378	-2.54326	7.66561	-5.647	7.65	-5.65	1.9996	-1.9996
7.64854	-5.81536	1.26046	-2.50737	7.70927	-5.8194	7.7	-5.8	1.00027	-3.00084
7.72145	-5.94228	1.28101	-2.50799	7.75724	-5.96146	7.75	-5.95	1.00028	-3.00084
7.7863	-6.07906	1.34209	-2.58573	7.71187	-5.94164	7.85	-6.05	1.9998	-1.99981
7.88654	-6.17738	1.42642	-2.50243	7.95005	-6.14609	7.95	-6.15	1.9998	-1.9998
7.92941	-6.28532	1.199	-2.33275	8.03808	-6.28852	8	-6.25	1.00004	-2.00008
8.00907	-6.38164	1.25005	-2.27878	8.04346	-6.35767	8.05	-6.35	1.00004	-2.00008
8.1064	-6.53743	1.56518	-2.57497	8.1071	-6.48544	8.15	-6.5	1.99951	-2.99928
8.20524	-6.65597	1.614	-2.54426	8.25742	-6.66007	8.25	-6.65	1.9995	-2.99925
8.24686	-6.76074	1.22408	-2.22828	8.38768	-6.7963	8.3	-6.75	0.90921	-1.81841
8.32069	-6.87686	1.24088	-2.2112	8.33159	-6.8699	8.35	-6.85	0.90921	-1.81841
8.40312	-7.0155	1.38558	-2.36407	8.58336	-7.15056	8.4	-7	1.0001	-3.00036
8.46605	-7.14154	1.36856	-2.38444	8.45779	-7.15285	8.45	-7.15	1.00011	-3.00036
8.53378	-7.27063	1.4316	-2.46702	8.37938	-7.10665	8.55	-7.25	1.99907	-1.99908
8.62274	-7.37382	1.47783	-2.4143	8.647	-7.3454	8.65	-7.35	1.99908	-1.99908
8.70131	-7.50809	1.5228	-2.47953	8.76035	-7.57239	8.7	-7.5	1.00058	-3.00174
8.76956	-7.64277	1.50119	-2.5071	8.76121	-7.66039	8.75	-7.65	1.00057	-3.00171
8.80838	-7.74115	1.22613	-2.27455	8.81118	-7.75569	8.8	-7.75	0.999844	-1.99968
8.86447	-7.85212	1.21577	-2.27003	8.84363	-7.83628	8.85	-7.85	0.999844	-1.99968
8.9723	-8.02207	1.59888	-2.65645	9.07758	-8.1058	8.95	-8	2.00017	-3.00024
9.05187	-8.15594	1.59765	-2.65902	9.05238	-8.15838	9.05	-8.15	2.00014	-3.00021
9.09109	-8.25649	1.29628	-2.39316	9.05557	-8.22632	9.1	-8.25	0.998905	-1.99781
9.15856	-8.36877	1.30505	-2.37508	9.15492	-8.35136	9.15	-8.35	0.998886	-1.99779
9.22245	-8.5003	1.24329	-2.33945	9.30408	-8.57245	9.2	-8.5	0.908863	-2.72657
9.27815	-8.63828	1.21121	-2.36496	9.2543	-8.64461	9.25	-8.65	0.908855	-2.72655
9.33101	-8.76426	1.16122	-2.34122	9.15971	-8.67035	9.3	-8.8	0.909475	-2.72841
9.3746	-8.91681	1.10664	-2.40258	9.35164	-8.95148	9.35	-8.95	0.909466	-2.72839
9.45084	-9.06931	1.28273	-2.60714	9.47941	-9.179	9.4	-9.1	0.999765	-2.99935
9.48835	-9.22109	1.21443	-2.665	9.44272	-9.24111	9.45	-9.25	0.999774	-2.99934
9.51685	-9.33386	0.916214	-2.37798	9.53008	-9.38561	9.5	-9.35	0.908962	-1.81792
9.57303	-9.45514	0.932973	-2.35439	9.5752	-9.43724	9.55	-9.45	0.908954	-1.8179
9.62214	-9.59215	0.94182	-2.38978	9.60163	-9.60777	9.6	-9.6	0.909988	-2.72996
9.65586	-9.739	0.894897	-2.431	9.62903	-9.75552	9.65	-9.75	0.909971	-2.72993
9.71116	-9.89021	0.971586	-2.54053	9.69155	-9.89957	9.7	-9.9	0.907972	-2.7239
9.75637	-10.0375	0.949866	-2.56003	9.74482	-10.046	9.75	-10.05	0.907972	-2.72391
9.77924	-10.1541	0.751715	-2.36838	9.69256	-10.1336	9.75	-10.2	0	-2.73106
9.79066	-10.3127	0.672582	-2.44241	9.75264	-10.3488	9.75	-10.35	0	-2.73105
9.84899	-10.4757	0.900528	-2.7286	9.8242	-10.5024	9.8	-10.5	1	-2.99999
9.86982	-10.6313	0.837693	-2.7797	9.83234	-10.6514	9.85	-10.65	0.999994	-2.99996
9.89544	-10.76	0.739196	-2.69058	9.82501	-10.7525	9.85	-10.8	0	-3.00047
9.89891	-10.9234	0.650888	-2.76638	9.85033	-10.9603	9.85	-10.95	0	-3.00048
9.89034	-11.0168	0.310522	-2.38123	9.91881	-11.1448	9.85	-11.05	0	-1.9956
9.89004	-11.1454	0.270347	-2.40744	9.86057	-11.1502	9.85	-11.15	0	-1.99559
9.89882	-11.2803	0.253919	-2.41438	9.83851	-11.2795	9.85	-11.3	0	-2.73184
9.88443	-11.4321	0.180774	-2.46621	9.83839	-11.4483	9.85	-11.45	0	-2.73182
9.8847	-11.5544	0.139652	-2.44182	9.79654	-11.5922	9.8	-11.6	-0.998566	-2.9957
9.83953	-11.713	0.00414716	-2.53916	9.75592	-11.7487	9.75	-11.75	-0.998566	-2.99569
9.84049	-11.865	0.0382053	-2.61283	9.77699	-11.9246	9.75	-11.9	0	-2.73084
9.80986	-12.0301	-0.0467434	-2.67071	9.75861	-12.0491	9.75	-12.05	0	-2.73085
9.76859	-12.1302	-0.339964	-2.30181	9.63743	-12.1863	9.65	-12.2	-1.81598	-2.72396
9.67655	-12.3041	-0.53058	-2.42774	9.56514	-12.3446	9.55	-12.35	-1.81597	-2.72396
9.59859	-12.37	-0.921869	-1.89894	9.47157	-12.4849	9.45	-12.45	-1.82132	-1.82133
9.47055	-12.5169	-1.12144	-2.01541	9.34752	-12.5408	9.35	-12.55	-1.82131	-1.82131
9.40131	-12.6285	-1.15785	-1.99422	9.32154	-12.7193	9.3	-12.65	-0.908038	-1.81606
9.3033	-12.7504	-1.24402	-2.03059	9.24151	-12.7411	9.25	-12.75	-0.908029	-1.81605
9.17899	-12.7749	-1.68346	-1.37661	9.04013	-12.7738	9.05	-12.85	-3.64007	-1.82004
8.98746	-12.9047	-1.94079	-1.52171	8.83995	-12.9425	8.85	-12.95	-3.64007	-1.82003
8.86699	-12.9497	-2.10945	-1.2744	8.73518	-13.0163	8.75	-13	-1.9959	-0.997948
8.71599	-13.0325	-2.22553	-1.3282	8.6395	-13.0341	8.65	-13.05	-1.9959	-0.997948
8.56839	-13.0682	-2.40763	-1.04468	8.48414	-13.0416	8.5	-13.1	-2.73149	-0.910502
8.40011	-13.1411	-2.50074	-1.08747	8.34268	-13.1451	8.35	-13.15	-2.73146	-0.910485
8.24918	-13.1895	-2.57809	-0.985952	8.19497	-13.1991	8.2	-13.2	-2.72385	-0.907955
8.09091	-13.2469	-2.61894	-0.996861	8.06107	-13.2364	8.05	-13.25	-2.72383	-0.907947
7.91828	-13.2534	-2.82831	-0.631434	7.88931	-13.1791	7.9	-13.25	-2.72673	0
7.76502	-13.2772	-2.81863	-0.608005	7.75593	-13.2425	7.75	-13.25	-2.72673	0
7.58522	-13.2713	-2.98164	-0.32321	7.52542	-13.1457	7.6	-13.25	-2.72991	0
7.43816	-13.2719	-2.93425	-0.283554	7.44992	-13.2329	7.45	-13.25	-2.72991	0
7.23701	-13.2058	-3.24605	0.333972	7.19347	-13.1392	7.25	-13.2	-3.63887	0.909723
7.05983	-13.1811	-3.24077	0.347245	7.05468	-13.1604	7.05	-13.15	-3.63887	0.909723
6.8847	-13.1986	-3.15065	0.0839353	6.90569	-13.1515	6.9	-13.15	-2.72312	0
6.72523	-13.1777	-3.11009	0.120426	6.73255	-13.1364	6.75	-13.15	-2.72312	0
6.56753	-13.1869	-3.11496	0.0744728	6.69426	-13.3705	6.6	-13.15	-3.00475	0
6.42164	-13.1725	-3.08713	0.0981702	6.42749	-13.1436	6.45	-13.15	-3.00472	0
6.25548	-13.1551	-3.16515	0.236935	6.4246	-13.2048	6.35	-13.1	-1.9976	0.998786
6.1632	-13.1096	-2.988	0.319342	6.2503	-13.0552	6.25	-13.05	-1.99758	0.998786
5.98629	-13.0772	-3.07626	0.48565	6.162	-13.1569	6.1	-13	-2.72732	0.909111
5.87962	-13.0133	-2.90713	0.57409	5.95166	-12.9396	5.95	-12.95	-2.72732	0.909111
5.70483	-12.9646	-2.9865	0.715398	5.78183	-12.8825	5.8	-12.9	-2.72895	0.909657
5.59071	-12.8969	-2.8516	0.783084	5.64785	-12.8416	5.65	-12.85	-2.72896	0.909648
5.41402	-12.8183	-2.98488	1.08031	5.54035	-12.7925	5.55	-12.75	-1.81808	1.81809
5.33486	-12.7193	-2.75826	1.17694	5.43842	-12.6552	5.45	-12.65	-1.81809	1.81809
5.1644	-12.6253	-2.87479	1.42825	5.33087	-12.5965	5.3	-12.55	-2.7236	1.81575
5.0606	-12.5159	-2.72776	1.50083	5.12059	-12.4527	5.15	-12.45	-2.72358	1.81572
4.90533	-12.4483	-2.74185	1.45801	5.13793	-12.5907	5.05	-12.35	-1.81967	1.81966
4.84721	-12.3206	-2.49351	1.5712	4.95241	-12.2277	4.95	-12.25	-1.81967	1.81967
4.68724	-12.1934	-2.63303	1.89604	4.81467	-12.1072	4.85	-12.1	-1.81844	2.72766
4.63921	-12.0428	-2.37443	2.00732	4.75144	-11.9561	4.75	-11.95	-1.81844	2.72767
4.50597	-11.9644	-2.31779	1.74461	4.6829	-11.7433	4.7	-11.85	-0.909557	1.8191
4.51092	-11.8187	-1.96817	1.86986	4.67603	-11.7496	4.65	-11.75	-0.909553	1.81911
4.38739	-11.7052	-2.03822	1.97982	4.61619	-11.6508	4.6	-11.6	-0.907782	2.72335
4.39815	-11.5411	-1.71106	2.11448	4.5432	-11.4431	4.55	-11.45	-0.907778	2.72334
4.26881	-11.3591	-1.92662	2.623	4.48104	-11.1618	4.5	-11.25	-0.910253	3.64099
4.2906	-11.1606	-1.58849	2.75874	4.44374	-11.0696	4.45	-11.05	-0.910253	3.64099
4.22485	-11.0991	-1.36185	2.066	4.46178	-10.9843	4.45	-10.95	0	1.81804
4.2819	-10.9352	-1.01468	2.19609	4.4464	-10.8663	4.45	-10.85	0	1.81805
4.23714	-10.8714	-0.915212	1.86095	4.60972	-11.1274	4.45	-10.75	0	1.81614
4.30137	-10.7182	-0.612372	1.99018	4.43858	-10.6346	4.45	-10.65	0	1.81614
4.22526	-10.545	-0.867565	2.51168	4.43099	-10.4242	4.45	-10.45	0	3.6396
4.30111	-10.3476	-0.540828	2.66238	4.44616	-10.2449	4.45	-10.25	0	3.6396
4.27371	-10.2328	-0.473179	2.43358	4.52156	-10.1192	4.5	-10.1	0.910021	2.73005
4.38493	-10.037	-0.112604	2.59632	4.55225	-9.94382	4.55	-9.95	0.910013	2.73003
4.36646	-9.90825	-0.148074	2.59563	4.5897	-9.73457	4.6	-9.8	0.999085	2.99725
4.48207	-9.72496	0.173433	2.74065	4.64586	-9.65356	4.65	-9.65	0.99908	2.99724
4.51235	-9.62551	0.375942	2.3036	4.61159	-9.38621	4.7	-9.55	0.910095	1.82021
4.61954	-9.46952	0.598351	2.39153	4.7442	-9.45683	4.75	-9.45	0.910091	1.82018
4.64144	-9.35824	0.591143	2.34157	4.80746	-9.23434	4.85	-9.3	1.99828	2.99743
4.78107	-9.19631	0.874519	2.47184	4.94202	-9.15915	4.95	-9.15	1.99826	2.99739
4.81339	-9.06002	0.802499	2.5248	5.03379	-9.03255	5	-9	0.908384	2.72514
4.94208	-8.88153	1.0201	2.63754	5.06039	-8.84271	5.05	-8.85	0.908384	2.72514
5.0308	-8.79198	1.26573	2.22943	5.21058	-8.83852	5.15	-8.75	1.81679	1.8168
5.1639	-8.64828	1.42528	2.29761	5.26598	-8.6555	5.25	-8.65	1.81679	1.8168
5.23316	-8.52958	1.40216	2.27573	5.33786	-8.49992	5.35	-8.5	1.82017	2.73024
5.36075	-8.38006	1.53037	2.34791	5.43516	-8.36367	5.45	-8.35	1.82015	2.73022
5.45846	-8.2804	1.65199	2.14944	5.58025	-8.28767	5.55	-8.25	1.81852	1.81852
5.5858	-8.15223	1.74163	2.18592	5.65225	-8.1686	5.65	-8.15	1.8185	1.8185
5.69562	-8.06112	1.85513	2.00935	5.83663	-8.14888	5.75	-8.05	1.81752	1.81753
5.80261	-7.94914	1.86713	2.01453	5.81186	-7.95139	5.85	-7.95	1.81752	1.81752
5.90786	-7.85614	1.90851	1.92551	5.99151	-7.92468	5.95	-7.85	1.8194	1.8194
6.02449	-7.74604	1.93715	1.93998	6.04627	-7.74932	6.05	-7.75	1.81941	1.8194
6.09325	-7.62093	1.73036	2.10929	6.05883	-7.47931	6.15	-7.6	1.81742	2.72613
6.22139	-7.47619	1.8148	2.18703	6.26179	-7.43797	6.25	-7.45	1.8174	2.72611
6.35721	-7.3928	2.10716	1.87731	6.3458	-7.29797	6.4	-7.35	2.7248	1.81653
6.5049	-7.2661	2.18646	1.94358	6.55234	-7.24441	6.55	-7.25	2.72477	1.81651
6.64019	-7.18021	2.3251	1.79012	6.61964	-7.17343	6.65	-7.2	1.81957	0.909789
6.75205	-7.10688	2.28201	1.72648	6.74556	-7.15305	6.75	-7.15	1.81957	0.909785
6.8847	-7.0281	2.35687	1.63153	6.91901	-7.04822	6.9	-7.05	2.72946	1.81964
7.0312	-6.93229	2.39676	1.6533	7.06886	-6.94012	7.05	-6.95	2.72946	1.81964
7.12663	-6.8299	2.16781	1.79829	7.12574	-6.81829	7.15	-6.85	1.81554	1.81554
7.24712	-6.73257	2.16975	1.79485	7.25262	-6.73852	7.25	-6.75	1.81554	1.81554
7.34505	-6.63135	2.05094	1.85268	7.30586	-6.61905	7.35	-6.65	1.82007	1.82007
7.45665	-6.5325	2.04773	1.84538	7.45762	-6.53827	7.45	-6.55	1.82005	1.82005
7.6194	-6.46672	2.43347	1.5528	7.59546	-6.48319	7.6	-6.5	2.72628	0.908764
7.74219	-6.40581	2.40253	1.49067	7.74315	-6.44913	7.75	-6.45	2.72628	0.908764
7.8618	-6.32655	2.32665	1.51443	7.8486	-6.40709	7.85	-6.4	1.81656	0.908285
7.96922	-6.28134	2.27157	1.41564	7.9584	-6.34152	7.95	-6.35	1.81656	0.908281
8.09053	-6.21003	2.27067	1.39214	8.05398	-6.23227	8.1	-6.25	2.73006	1.82003
8.22265	-6.13507	2.28613	1.39178	8.24773	-6.1485	8.25	-6.15	2.73005	1.82003
8.35505	-6.06861	2.36965	1.32009	8.32369	-5.98136	8.4	-6.05	2.72692	1.81795
8.51006	-5.96813	2.4298	1.397	8.55156	-5.93992	8.55	-5.95	2.7269	1.81794
8.60768	-5.88332	2.18316	1.5129	8.63806	-5.84559	8.65	-5.85	1.81844	1.81844
8.74026	-5.77962	2.21496	1.56737	8.7543	-5.75242	8.75	-5.75	1.81843	1.81843
8.88168	-5.70876	2.35197	1.47625	9.00947	-5.71389	8.9	-5.65	2.72464	1.81643
9.0338	-5.58983	2.40887	1.57667	9.06113	-5.54128	9.05	-5.55	2.72465	1.81643
9.13556	-5.49835	2.20288	1.65778	9.13938	-5.44533	9.15	-5.45	1.81916	1.81918
9.2612	-5.3812	2.21857	1.72311	9.24452	-5.3352	9.25	-5.35	1.81916	1.81916
9.37935	-5.28988	2.23003	1.70213	9.26221	-5.25032	9.35	-5.3	1.81895	0.909466
9.47915	-5.2268	2.17613	1.61829	9.43645	-5.25801	9.45	-5.25	1.81894	0.90947
9.55684	-5.13116	1.83651	1.74913	9.71784	-5.19928	9.55	-5.1	1.81986	2.72981
9.66377	-5.00394	1.85584	1.82825	9.64908	-4.9531	9.65	-4.95	1.81987	2.72981
9.75766	-4.90505	1.83078	1.82451	9.67182	-4.82288	9.75	-4.85	1.81736	1.81735
9.86594	-4.78115	1.85115	1.88567	9.86682	-4.74721	9.85	-4.75	1.81736	1.81735
9.95871	-4.67961	1.79917	1.89156	9.94653	-4.64316	9.95	-4.65	1.81806	1.81805
10.0637	-4.56142	1.8142	1.92906	10.0706	-4.54316	10.05	-4.55	1.81805	1.81805
10.2243	-4.47548	2.23586	1.77243	10.4074	-4.52899	10.2	-4.45	2.72609	1.8174
10.3487	-4.36745	2.24062	1.79932	10.3431	-4.35107	10.35	-4.35	2.72606	1.81737
10.3719	-4.25163	1.49699	2.01987	10.3837	-4.17982	10.4	-4.2	0.908945	2.72688
10.4608	-4.11168	1.51526	2.09494	10.4578	-4.07071	10.45	-4.05	0.908953	2.72687
10.574	-4.00538	1.75713	2.01561	10.5531	-3.94939	10.55	-3.95	1.81903	1.81904
10.6684	-3.87477	1.75621	2.06528	10.6424	-3.84126	10.65	-3.85	1.81902	1.81903
10.7517	-3.76114	1.70206	2.07062	10.6157	-3.63689	10.75	-3.7	1.81931	2.72896
10.8558	-3.60154	1.72959	2.19057	10.8572	-3.53957	10.85	-3.55	1.81931	2.72896
10.8956	-3.48852	1.40873	2.25431	10.8149	-3.35552	10.9	-3.4	0.999745	2.99928
10.9684	-3.32562	1.42063	2.38362	10.9372	-3.24816	10.95	-3.25	0.999754	2.99928
11.0789	-3.19805	1.71856	2.3203	10.9078	-3.10703	11.05	-3.15	1.81764	1.81765
11.1663	-3.06717	1.70503	2.32672	11.135	-3.05697	11.15	-3.05	1.81763	1.81764
11.2071	-2.93782	1.31805	2.38553	11.1507	-2.87978	11.2	-2.9	0.909657	2.72896
11.2784	-2.7812	1.31836	2.45126	11.2571	-2.74346	11.25	-2.75	0.909648	2.72893
11.2079	-2.65546	0.265196	2.59559	11.2614	-2.58697	11.2	-2.6	-0.998725	2.99617
11.2084	-2.4995	0.243522	2.66013	11.1393	-2.45312	11.15	-2.45	-0.998725	2.99616
11.2657	-2.35545	0.595832	2.61292	11.2346	-2.28949	11.2	-2.3	0.908813	2.72643
11.2887	-2.19458	0.57818	2.65539	11.239	-2.16508	11.25	-2.15	0.908805	2.7264
11.3342	-2.04852	0.731793	2.63792	11.1623	-1.9797	11.3	-2	0.909855	2.72956
11.3701	-1.88226	0.724343	2.69266	11.3424	-1.85113	11.35	-1.85	0.909847	2.72953
