8.46292	0.243462	0	0	8.46292	0.243462	8.6	0.25	-3.00029	0
8.44823	0.251524	-0.209812	0.115173	8.44818	0.251553	8.45	0.25	-3.00027	0
8.48777	0.333711	-0.055704	1.57362	8.56759	0.241943	8.45	0.25	0	0
8.47642	0.255615	-0.0108965	0.0236961	8.45582	0.253997	8.45	0.25	0	0
8.39042	0.260515	-1.28291	0.0176934	8.42544	0.254042	8.35	0.25	-1.81979	0
8.29971	0.25254	-1.29199	-0.0301809	8.23962	0.24916	8.25	0.25	-1.81978	0
8.08019	0.248001	-2.94948	-0.0785393	7.93286	0.188391	8.05	0.2	-3.99976	-0.99994
7.91624	0.187241	-2.95501	-0.314825	7.84073	0.159858	7.85	0.15	-3.99972	-0.99993
7.7403	0.175949	-3.12736	-0.29745	7.61269	0.155818	7.7	0.15	-2.99982	0
7.57693	0.16069	-3.13359	-0.298332	7.54016	0.159641	7.55	0.15	-2.99982	0
7.47803	0.139589	-2.32612	-0.30632	7.50815	0.0953827	7.45	0.100001	-1.8165	-0.908239
7.34961	0.0749439	-2.32569	-0.445898	7.3426	0.0345312	7.35	0.0500011	-1.81648	-0.90823
7.19423	0.0551461	-2.63465	-0.43144	7.20598	0.00492725	7.2	9.49949e-07	-2.72851	-0.909507
7.0503	-0.0109793	-2.63438	-0.54533	7.05406	-0.0533413	7.05	-0.0499992	-2.72849	-0.909499
6.94993	-0.0522404	-2.00924	-0.58529	6.74585	-0.143185	6.95	-0.15	-1.81898	-1.81898
6.84051	-0.166519	-2.01217	-0.79826	6.84972	-0.258748	6.85	-0.25	-1.81896	-1.81897
6.73338	-0.208016	-2.04013	-0.801701	6.66966	-0.346668	6.75	-0.349999	-2.00076	-2.00075
6.63106	-0.342385	-2.05091	-1.04512	6.64329	-0.462604	6.65	-0.449999	-2.00076	-2.00075
6.59849	-0.427967	-1.31697	-1.18704	6.60862	-0.557035	6.6	-0.549999	-0.998836	-1.99769
6.53302	-0.556034	-1.32816	-1.36477	6.56029	-0.650892	6.55	-0.65	-0.99884	-1.99769
6.50306	-0.662317	-0.807265	-1.50605	6.40696	-0.842921	6.5	-0.85	-0.908747	-3.63498
6.44964	-0.875816	-0.851756	-1.84596	6.45805	-1.05268	6.45	-1.05	-0.908739	-3.63494
6.36584	-0.958223	-1.28138	-1.72481	6.38626	-1.15695	6.35	-1.15	-1.81897	-1.81898
6.28159	-1.13811	-1.33157	-1.94648	6.25499	-1.25007	6.25	-1.25	-1.81896	-1.81896
6.36341	-1.37507	0.320213	-2.62781	6.43125	-1.48148	6.3	-1.45	0.909739	-3.63894
6.37029	-1.5779	0.279378	-2.77937	6.36328	-1.65656	6.35	-1.65	0.909727	-3.63891
6.32196	-1.66544	-0.431575	-2.44338	6.3228	-1.81431	6.3	-1.8	-0.999494	-2.9985
6.28076	-1.8566	-0.498173	-2.62161	6.24641	-1.95075	6.25	-1.95	-0.999489	-2.99847
6.32067	-2.07461	0.287957	-3.11155	6.31851	-2.10969	6.3	-2.1	0.999984	-2.99994
6.33593	-2.23227	0.288246	-3.11645	6.34644	-2.23829	6.35	-2.25	0.999979	-2.99994
6.32332	-2.39087	-0.0156036	-2.97251	6.32593	-2.40018	6.35	-2.4	0	-2.72613
6.32683	-2.55058	-0.00561968	-2.96189	6.34927	-2.55175	6.35	-2.55	0	-2.72611
6.3565	-2.76958	0.382245	-3.2754	6.43125	-2.71878	6.4	-2.7	0.909499	-2.72851
6.39934	-2.90305	0.44882	-3.15642	6.43257	-2.84245	6.45	-2.85	0.909503	-2.72851
6.39996	-3.06088	0.238237	-3.06903	6.46536	-3.00452	6.45	-3	0	-2.99754
6.425	-3.18771	0.278288	-3.00104	6.44119	-3.14955	6.45	-3.15	0	-2.99754
6.45731	-3.4	0.554206	-3.272	6.52249	-3.32007	6.5	-3.3	0.910402	-2.7312
6.51472	-3.52888	0.634668	-3.1429	6.5453	-3.45745	6.55	-3.45	0.910402	-2.7312
6.56527	-3.75052	0.923362	-3.43598	6.6358	-3.59197	6.65	-3.6	1.81722	-2.72583
6.67039	-3.85503	1.07652	-3.21971	6.76011	-3.75457	6.75	-3.75	1.81721	-2.72581
6.70487	-4.03408	0.850184	-3.11671	6.83625	-3.92723	6.8	-3.9	0.907988	-2.72396
6.79545	-4.13933	0.972738	-2.9468	6.85997	-4.05805	6.85	-4.05	0.907976	-2.72393
6.82815	-4.31155	0.856618	-2.93141	6.86943	-4.18507	6.9	-4.2	0.909334	-2.72801
6.9088	-4.4193	0.951998	-2.79512	6.94332	-4.34473	6.95	-4.35	0.90933	-2.72799
6.92262	-4.5626	0.579366	-2.57344	7.05156	-4.49706	7	-4.45	0.910054	-1.8201
6.99665	-4.63954	0.69801	-2.40876	7.04099	-4.55018	7.05	-4.55	0.910054	-1.8201
7.03586	-4.80377	0.81943	-2.58158	7.10252	-4.67934	7.1	-4.7	0.908302	-2.72489
7.10874	-4.90774	0.895002	-2.48314	7.14735	-4.86125	7.15	-4.85	0.908297	-2.72489
7.18998	-5.10694	1.32164	-2.91208	7.31379	-5.05204	7.25	-5	1.81907	-2.72861
7.2896	-5.22369	1.39905	-2.80218	7.30424	-5.15404	7.35	-5.15	1.81907	-2.72861
7.331	-5.37496	1.17574	-2.69254	7.29446	-5.23429	7.4	-5.3	0.908194	-2.7246
7.41867	-5.4925	1.23832	-2.61352	7.44737	-5.45308	7.45	-5.45	0.90819	-2.72457
7.47783	-5.65655	1.19535	-2.65439	7.63082	-5.61863	7.55	-5.55	1.81974	-1.81974
7.58844	-5.74352	1.31772	-2.50278	7.64356	-5.66706	7.65	-5.65	1.81972	-1.81972
7.63374	-5.88662	1.19035	-2.47233	7.60376	-5.74774	7.7	-5.8	0.90983	-2.72951
7.71843	-5.99523	1.24394	-2.40276	7.7342	-5.95374	7.75	-5.95	0.909826	-2.72948
7.81465	-6.18029	1.75552	-2.92416	7.82165	-6.06822	7.85	-6.1	1.9986	-2.9979
7.92817	-6.29286	1.82587	-2.83738	7.95703	-6.24328	7.95	-6.25	1.99858	-2.99787
7.99383	-6.44088	1.47135	-2.5972	8.17338	-6.44684	8.05	-6.35	1.81738	-1.81739
8.1156	-6.53075	1.58286	-2.46082	8.15891	-6.45335	8.15	-6.45	1.81737	-1.81737
8.16872	-6.66381	1.40234	-2.37816	8.08628	-6.51855	8.2	-6.6	0.909293	-2.72787
8.25529	-6.77901	1.42993	-2.3392	8.25411	-6.74791	8.25	-6.75	0.909293	-2.72787
8.31875	-6.9229	1.44344	-2.42579	8.25648	-6.78122	8.35	-6.85	1.81994	-1.81993
8.42542	-7.01882	1.51919	-2.33054	8.44494	-6.95805	8.45	-6.95	1.81993	-1.81993
8.47682	-7.14034	1.42964	-2.3224	8.39359	-7.01743	8.5	-7.1	1.00006	-3.00018
8.55042	-7.25273	1.43603	-2.31324	8.54925	-7.24433	8.55	-7.25	1.00006	-3.00018
8.64519	-7.41997	1.80033	-2.71915	8.64403	-7.39047	8.65	-7.4	1.99807	-2.99712
8.73751	-7.552	1.80716	-2.70923	8.73559	-7.5421	8.75	-7.55	1.99808	-2.99712
8.78289	-7.67007	1.26009	-2.26495	8.87176	-7.71912	8.8	-7.65	0.909955	-1.8199
8.85671	-7.78409	1.27515	-2.23994	8.84538	-7.75497	8.85	-7.75	0.909946	-1.81988
8.92102	-7.92457	1.40912	-2.43673	8.88333	-7.88636	8.9	-7.9	0.999086	-2.9973
8.98497	-8.04909	1.3943	-2.44558	8.95966	-8.0381	8.95	-8.05	0.999095	-2.9973
9.00568	-8.15157	0.974665	-2.10769	8.8564	-8.01424	9	-8.15	0.909309	-1.8186
9.06307	-8.26056	0.986254	-2.09092	9.05896	-8.24314	9.05	-8.25	0.909301	-1.81859
9.1309	-8.41261	1.2589	-2.42961	9.17781	-8.47056	9.1	-8.4	1.0004	-3.00119
9.18132	-8.54442	1.22727	-2.45803	9.15332	-8.54857	9.15	-8.55	1.00038	-3.00117
9.21093	-8.66349	0.895572	-2.19185	9.22922	-8.6898	9.2	-8.65	0.909508	-1.819
9.25878	-8.78205	0.893661	-2.18833	9.24541	-8.76863	9.25	-8.75	0.9095	-1.81899
9.37789	-9.00678	1.82258	-3.21734	9.37748	-9.00609	9.35	-8.95	1.99965	-3.99928
9.46559	-9.16721	1.81568	-3.21812	9.44703	-9.15328	9.45	-9.15	1.99964	-3.99928
9.49186	-9.277	1.19901	-2.63184	9.50096	-9.25642	9.5	-9.25	0.999584	-1.99917
9.55798	-9.39517	1.21961	-2.60057	9.54157	-9.35195	9.55	-9.35	0.999584	-1.99917
9.58319	-9.51089	0.985603	-2.42046	9.47534	-9.42627	9.55	-9.5	0	-3.00023
9.6077	-9.6496	0.923525	-2.47004	9.54779	-9.64959	9.55	-9.65	0	-3.0002
9.66155	-9.81019	1.08238	-2.71471	9.69942	-9.88416	9.6	-9.8	0.999005	-2.997
9.6993	-9.95371	1.04331	-2.73892	9.64606	-9.9341	9.65	-9.95	0.998995	-2.997
9.70993	-10.0732	0.685418	-2.40578	9.60087	-9.96395	9.7	-10.05	0.909855	-1.81969
9.75543	-10.1898	0.710529	-2.3692	9.73801	-10.1396	9.75	-10.15	0.909847	-1.81969
9.79214	-10.3363	0.746907	-2.48114	9.92627	-10.4745	9.75	-10.3	0	-3.00065
9.80725	-10.4752	0.690929	-2.52278	9.75524	-10.4732	9.75	-10.45	0	-3.00063
9.8364	-10.634	0.779265	-2.70093	9.71825	-10.5087	9.8	-10.6	0.90817	-2.72451
9.87598	-10.7796	0.773571	-2.69594	9.85048	-10.7526	9.85	-10.75	0.908161	-2.72448
9.88361	-10.9098	0.4851	-2.42589	9.88465	-10.9383	9.85	-10.9	0	-2.73074
9.88915	-11.0545	0.432695	-2.4591	9.83614	-11.041	9.85	-11.05	0	-2.73073
9.90028	-11.1942	0.453947	-2.56167	9.83952	-11.1692	9.85	-11.2	0	-2.99965
9.89655	-11.3412	0.385822	-2.61277	9.84568	-11.3496	9.85	-11.35	0	-2.99961
9.90544	-11.4871	0.364307	-2.66141	9.87961	-11.5637	9.85	-11.5	0	-2.99843
9.89579	-11.6368	0.293935	-2.70853	9.83206	-11.6307	9.85	-11.65	0	-2.99843
9.8568	-11.7159	-0.269695	-2.03606	9.85311	-11.8523	9.8	-11.75	-1.0003	-2.00061
9.81218	-11.8382	-0.349922	-2.09212	9.74928	-11.8442	9.75	-11.85	-1.00029	-2.00059
9.79085	-11.9709	-0.24588	-2.31332	9.69694	-11.9706	9.7	-12	-1.0004	-3.00119
9.73267	-12.1199	-0.366484	-2.40124	9.65354	-12.1497	9.65	-12.15	-1.00039	-3.00116
9.68834	-12.2244	-0.626918	-2.10728	9.72311	-12.3964	9.6	-12.25	-0.999885	-1.99981
9.62238	-12.35	-0.715766	-2.16327	9.54859	-12.3478	9.55	-12.35	-0.999884	-1.99979
9.54299	-12.4144	-1.07878	-1.70744	9.39039	-12.3902	9.45	-12.45	-1.99803	-1.99805
9.44329	-12.5299	-1.19866	-1.78681	9.36086	-12.5501	9.35	-12.55	-1.99804	-1.99804
9.36924	-12.6514	-1.17021	-1.92131	9.34456	-12.7106	9.3	-12.65	-0.909773	-1.81953
9.27813	-12.7706	-1.23896	-1.9592	9.22134	-12.7613	9.25	-12.75	-0.909773	-1.81954
9.16454	-12.7971	-1.81125	-1.12519	9.15326	-13.0031	9.05	-12.85	-3.99257	-1.99629
8.98633	-12.9086	-2.04232	-1.26871	8.84161	-12.9519	8.85	-12.95	-3.99253	-1.99627
8.85094	-12.9736	-2.14907	-1.18652	8.71632	-12.9613	8.75	-13	-1.8213	-0.910651
8.70958	-13.05	-2.20948	-1.21729	8.66358	-13.0431	8.65	-13.05	-1.8213	-0.910651
8.57072	-13.0885	-2.44022	-0.903822	8.54518	-13.1702	8.5	-13.1	-2.997	-0.999005
8.41559	-13.1511	-2.52681	-0.949888	8.35763	-13.1557	8.35	-13.15	-2.997	-0.998995
8.24002	-13.157	-2.85657	-0.426474	8.22926	-13.1698	8.2	-13.15	-2.72741	0
8.07102	-13.1814	-2.88537	-0.432666	8.03583	-13.1513	8.05	-13.15	-2.72742	0
7.88433	-13.1933	-3.00993	-0.310934	7.82915	-13.0525	7.9	-13.15	-2.72986	0
7.74172	-13.195	-2.94788	-0.273929	7.76538	-13.1647	7.75	-13.15	-2.72986	0
7.59225	-13.2689	-2.79159	-0.741967	7.66145	-13.3079	7.6	-13.2	-2.9979	-0.999304
7.45824	-13.2966	-2.77315	-0.722922	7.44786	-13.2517	7.45	-13.25	-2.9979	-0.999304
7.26723	-13.2884	-3.03394	-0.277129	7.21108	-13.0985	7.3	-13.25	-2.72846	0
7.13068	-13.2838	-2.95118	-0.230483	7.16011	-13.2382	7.15	-13.25	-2.72844	0
6.93528	-13.2192	-3.31016	0.459193	6.88472	-12.9588	7	-13.2	-2.99784	0.999284
6.804	-13.178	-3.21786	0.503513	6.84891	-13.1493	6.85	-13.15	-2.99784	0.999284
6.60852	-13.1614	-3.29941	0.540235	6.77424	-13.2337	6.7	-13.1	-2.72787	0.909275
6.48336	-13.1043	-3.14918	0.607688	6.55759	-13.0679	6.55	-13.05	-2.72787	0.909284
6.29848	-13.1228	-3.05304	0.180043	6.40137	-13.0799	6.4	-13.05	-2.72678	0
6.18747	-13.0865	-2.90133	0.244762	6.26174	-13.0534	6.25	-13.05	-2.72678	0
5.9984	-13.0559	-3.06394	0.488063	6.10143	-13.0076	6.1	-13	-2.72966	0.909888
5.88267	-13.0024	-2.9222	0.551383	5.94198	-12.9494	5.95	-12.95	-2.72963	0.90988
5.69186	-12.8905	-3.31194	1.45055	5.79854	-12.8478	5.8	-12.85	-2.99777	1.99851
5.58262	-12.7907	-3.1599	1.51459	5.65107	-12.7365	5.65	-12.75	-2.99778	1.99852
5.39326	-12.7682	-3.0313	0.914735	5.50547	-12.5721	5.55	-12.7	-1.81798	0.908995
5.31595	-12.6837	-2.79452	1.00004	5.43839	-12.652	5.45	-12.65	-1.81799	0.908995
5.12375	-12.5819	-3.04529	1.52159	5.27506	-12.4782	5.3	-12.55	-2.72627	1.81753
5.02817	-12.4744	-2.85604	1.58285	5.1307	-12.4684	5.15	-12.45	-2.72625	1.8175
4.84757	-12.41	-2.8977	1.46007	5.04446	-12.3808	5.05	-12.35	-1.8199	1.81989
4.79312	-12.2916	-2.6203	1.55433	4.92985	-12.2499	4.95	-12.25	-1.81991	1.8199
4.62613	-12.1938	-2.76366	1.74683	4.75061	-11.9803	4.85	-12.15	-1.99928	1.99929
4.5977	-12.073	-2.47527	1.83429	4.75915	-12.0666	4.75	-12.05	-1.99928	1.99928
4.43039	-11.967	-2.60568	1.98343	4.69113	-11.9084	4.7	-11.9	-0.908236	2.72471
4.44033	-11.8049	-2.20014	2.11599	4.64378	-11.7442	4.65	-11.75	-0.908231	2.7247
4.30281	-11.7419	-2.13071	1.64482	4.59746	-11.6205	4.6	-11.65	-0.909847	1.81971
4.3401	-11.6027	-1.72511	1.77195	4.54975	-11.5706	4.55	-11.55	-0.909843	1.81969
4.18567	-11.4046	-2.24093	3.0106	4.47442	-11.3673	4.5	-11.35	-1.0008	4.0032
4.22762	-11.2029	-1.83584	3.14445	4.44059	-11.1496	4.45	-11.15	-1.0008	4.00321
4.13609	-11.1429	-1.51891	2.03879	4.43713	-11.024	4.45	-11.05	0	1.81614
4.221	-10.9753	-1.07724	2.18713	4.45136	-10.93	4.45	-10.95	0	1.81612
4.1269	-10.8567	-1.21042	2.28595	4.44745	-10.786	4.45	-10.8	0	2.72555
4.22766	-10.6764	-0.77404	2.43664	4.45788	-10.6457	4.45	-10.65	0	2.72554
4.15892	-10.5647	-0.840762	2.36566	4.46329	-10.5756	4.45	-10.5	0	2.729
4.25343	-10.3842	-0.47387	2.50496	4.44057	-10.3382	4.45	-10.35	0	2.72898
4.2059	-10.2773	-0.490227	2.32317	4.51895	-10.2367	4.5	-10.2	0.908962	2.72687
4.33695	-10.091	-0.0797564	2.48743	4.54925	-10.0439	4.55	-10.05	0.908954	2.72685
4.30778	-9.97925	-0.135669	2.39578	4.63224	-9.9707	4.6	-9.9	0.909756	2.72927
4.44335	-9.79186	0.234268	2.55484	4.63755	-9.74952	4.65	-9.75	0.909752	2.72926
4.41661	-9.65217	0.109901	2.58983	4.60757	-9.4335	4.7	-9.6	0.90859	2.72578
4.55279	-9.4616	0.442548	2.73482	4.74589	-9.4609	4.75	-9.45	0.908586	2.72576
4.57915	-9.36801	0.586173	2.32059	4.89179	-9.39473	4.85	-9.3	1.81967	2.72952
4.75149	-9.17908	0.945198	2.50018	4.94849	-9.13867	4.95	-9.15	1.81967	2.72951
4.79411	-9.09194	1.06716	2.16782	4.95209	-8.96272	5	-9.05	0.999884	1.99977
4.92112	-8.95223	1.25306	2.26474	5.04121	-8.94979	5.05	-8.95	0.999874	1.99974
4.9678	-8.85286	1.19217	2.19914	5.20806	-8.88942	5.15	-8.8	1.81805	2.72708
5.12982	-8.68106	1.43776	2.34731	5.26887	-8.63564	5.25	-8.65	1.81803	2.72705
5.20749	-8.60782	1.61283	1.99326	5.3785	-8.56768	5.35	-8.55	1.99956	1.99957
5.35333	-8.46995	1.7784	2.10393	5.44864	-8.42738	5.45	-8.45	1.99954	1.99954
5.43179	-8.37951	1.73178	2.02945	5.56465	-8.44845	5.5	-8.35	0.909045	1.81807
5.53445	-8.2611	1.75135	2.0471	5.53862	-8.24357	5.55	-8.25	0.909045	1.81808
5.59963	-8.15919	1.65847	2.02895	5.64921	-8.02513	5.7	-8.1	2.72608	2.72608
5.75683	-8.00299	1.82497	2.15641	5.85094	-7.95601	5.85	-7.95	2.72606	2.72606
5.84547	-7.91051	1.86482	1.99991	5.93492	-7.84119	5.95	-7.85	1.81801	1.81801
5.99352	-7.76796	1.9788	2.09317	6.05986	-7.73559	6.05	-7.75	1.81802	1.81801
6.08198	-7.67284	1.94069	2.02056	6.13741	-7.63243	6.15	-7.65	1.81798	1.81798
6.2124	-7.54644	1.99856	2.06653	6.25659	-7.54336	6.25	-7.55	1.81798	1.81798
6.31203	-7.45966	2.0233	1.94071	6.39143	-7.46358	6.35	-7.45	1.82027	1.82027
6.42991	-7.35126	2.03858	1.94864	6.452	-7.36418	6.45	-7.35	1.82025	1.82025
6.54279	-7.28398	2.30715	1.6286	6.47916	-7.09783	6.6	-7.25	2.99862	1.99908
6.69415	-7.17266	2.39553	1.7145	6.7556	-7.14598	6.75	-7.15	2.99862	1.99908
6.74833	-7.06479	1.88721	2.02226	6.68682	-6.93297	6.8	-7.05	0.908005	1.816
6.8563	-6.94997	1.89707	2.03225	6.86356	-6.94732	6.85	-6.95	0.908	1.81601
6.99511	-6.88477	2.2788	1.65437	7.08741	-6.92602	7	-6.85	2.72856	1.81904
7.13686	-6.77591	2.31997	1.70351	7.15695	-6.75136	7.15	-6.75	2.72854	1.81902
7.21307	-6.68674	1.95052	1.88257	7.29976	-6.68807	7.25	-6.65	1.8202	1.8202
7.33275	-6.57103	1.98087	1.9174	7.35505	-6.56058	7.35	-6.55	1.82018	1.82018
7.50162	-6.52922	2.6834	1.3734	7.53544	-6.5372	7.5	-6.5	2.99964	0.999884
7.64025	-6.4584	2.6931	1.3811	7.65664	-6.46417	7.65	-6.45	2.99964	0.999884
7.74899	-6.38747	2.4585	1.45939	7.67559	-6.34628	7.75	-6.4	1.81709	0.908549
7.86875	-6.32801	2.41973	1.40294	7.85193	-6.35845	7.85	-6.35	1.81709	0.908545
7.9864	-6.26743	2.34505	1.38265	8.03231	-6.28406	8	-6.25	2.72931	1.81954
8.1274	-6.17346	2.37564	1.43073	8.13749	-6.14586	8.15	-6.15	2.72928	1.81952
8.19743	-6.10297	2.0197	1.57616	8.21488	-6.01843	8.25	-6.05	1.99977	1.99976
8.31807	-5.99389	2.06919	1.65718	8.33626	-5.94674	8.35	-5.95	1.99977	1.99976
8.48024	-5.93696	2.59293	1.31871	8.50318	-5.89335	8.5	-5.9	2.72796	0.909326
8.63065	-5.85865	2.61019	1.33679	8.65894	-5.86309	8.65	-5.85	2.72796	0.909321
8.70988	-5.78388	2.06458	1.56091	8.77185	-5.74314	8.75	-5.75	1.81776	1.81775
8.8379	-5.67459	2.10016	1.62396	8.85444	-5.64273	8.85	-5.65	1.81774	1.81773
8.92526	-5.60628	1.9571	1.64328	9.02394	-5.6024	8.95	-5.55	1.99657	1.99656
9.03839	-5.49628	1.99494	1.71717	9.05088	-5.45385	9.05	-5.45	1.99654	1.99655
9.19143	-5.42432	2.55045	1.42311	9.04088	-5.29691	9.2	-5.4	2.72728	0.909094
9.33643	-5.33761	2.562	1.4458	9.34223	-5.32623	9.35	-5.35	2.72727	0.90909
9.40695	-5.25588	1.95982	1.65603	9.39579	-5.21659	9.45	-5.25	1.81816	1.81815
9.52622	-5.14772	1.98629	1.70317	9.55303	-5.13194	9.55	-5.15	1.81813	1.81813
9.62087	-5.06798	1.82214	1.72646	9.75019	-5.14652	9.65	-5.05	1.82036	1.82036
9.73316	-4.95272	1.85051	1.78224	9.7586	-4.93134	9.75	-4.95	1.82036	1.82037
9.82054	-4.86666	1.7092	1.79566	9.9198	-4.86941	9.85	-4.85	1.81578	1.81577
9.92496	-4.75334	1.73192	1.836	9.95641	-4.74358	9.95	-4.75	1.81575	1.81575
9.9949	-4.6595	1.54834	1.86448	10.0029	-4.54771	10.05	-4.6	1.82039	2.7306
10.1033	-4.5087	1.60328	1.99474	10.1428	-4.45119	10.15	-4.45	1.8204	2.7306
10.1817	-4.40813	1.56279	1.97493	10.1981	-4.26556	10.25	-4.3	1.81769	2.72652
10.299	-4.23505	1.63436	2.14926	10.3644	-4.16342	10.35	-4.15	1.81768	2.7265
10.4319	-4.13353	1.99335	2.02255	10.5985	-4.12247	10.45	-4.05	1.81792	1.81792
10.5499	-3.9917	2.01472	2.10278	10.5415	-3.9454	10.55	-3.95	1.8179	1.8179
10.644	-3.88569	1.85279	2.11385	10.7092	-3.85166	10.65	-3.85	1.81903	1.81904
10.7502	-3.76003	1.86212	2.13951	10.7616	-3.75002	10.75	-3.75	1.81902	1.81903
10.7858	-3.6476	1.23693	2.25246	10.795	-3.60617	10.8	-3.6	0.909773	2.72931
10.8595	-3.49847	1.25132	2.31907	10.8527	-3.46164	10.85	-3.45	0.909764	2.72928
10.9687	-3.39122	1.74392	2.20058	10.9584	-3.30584	10.95	-3.3	1.99953	2.99928
11.0651	-3.23189	1.76798	2.32979	11.0447	-3.1561	11.05	-3.15	1.9995	2.99925
11.0961	-3.11267	1.13319	2.40756	11.1178	-2.98807	11.1	-3	0.907725	2.72317
11.1655	-2.93421	1.15123	2.52772	11.1427	-2.86566	11.15	-2.85	0.907708	2.72314
11.209	-2.80065	1.01589	2.5285	11.1491	-2.68183	11.2	-2.7	0.908929	2.72678
11.2711	-2.61702	1.03107	2.64548	11.2525	-2.55311	11.25	-2.55	0.908929	2.72678
11.1931	-2.48662	-0.231195	2.75557	11.1188	-2.36202	11.2	-2.4	-0.909276	2.72782
11.1828	-2.30285	-0.224731	2.8399	11.1594	-2.25598	11.15	-2.25	-0.909276	2.72782
11.3027	-2.13737	1.15651	2.71638	11.2029	-2.09837	11.25	-2.1	1.81915	2.72871
11.3663	-1.97587	1.15714	2.74804	11.3525	-1.95787	11.35	-1.95	1.81913	2.72869
11.3601	-1.83868	0.50789	2.76021	11.3011	-1.79507	11.35	-1.8	0	2.73035
11.382	-1.68242	0.498342	2.77082	11.3326	-1.67041	11.35	-1.65	0	2.73033
11.3074	-1.55692	-0.343786	2.78122	11.0622	-1.44342	11.3	-1.5	-0.999165	2.99748
11.2888	-1.39375	-0.345604	2.84372	11.2595	-1.35818	11.25	-1.35	-0.999155	2.99745
11.2364	-1.2453	-0.641728	2.8341	11.1658	-1.23674	11.2	-1.25	-0.909822	1.81964
11.1935	-1.12039	-0.653349	2.75161	11.1524	-1.15803	11.15	-1.15	-0.909822	1.81964
11.0622	-0.998841	-1.53196	2.73037	10.8534	-0.929069	11.05	-0.95	-1.99817	3.99632
10.9854	-0.806563	-1.53421	2.87654	10.9584	-0.728742	10.95	-0.75	-1.99816	3.99632
10.9382	-0.638135	-1.10372	2.89999	10.8608	-0.663121	10.9	-0.649999	-0.908549	1.8171
10.875	-0.510711	-1.10524	2.81499	10.8648	-0.553034	10.85	-0.549999	-0.908532	1.81708
10.771	-0.370693	-1.5954	2.77023	10.8451	-0.437482	10.75	-0.45	-1.8174	1.81738
10.6793	-0.274519	-1.59581	2.62173	10.6542	-0.347474	10.65	-0.35	-1.8174	1.81738
10.5009	-0.154092	-2.53063	2.53513	10.5062	-0.245062	10.5	-0.25	-2.72796	1.81864
10.3601	-0.0741807	-2.52614	2.37846	10.3438	-0.150982	10.35	-0.15	-2.72796	1.81864
10.279	0.0661188	-2.06152	2.42182	10.4884	-0.0812124	10.25	-0.0999996	-1.81964	0.909826
10.1667	0.0909378	-2.0459	2.13713	10.1537	-0.0482457	10.15	-0.0499992	-1.81963	0.909818
10.0092	0.199585	-2.45741	2.09469	9.92588	0.00395802	10	9.49949e-07	-2.73049	0.910169
9.87637	0.19238	-2.43757	1.77326	9.85676	0.0351738	9.85	0.0500011	-2.73047	0.910161
9.71605	0.286713	-2.65663	1.7537	9.63973	0.0585714	9.7	0.0500011	-2.72439	0
9.57345	0.231902	-2.63148	1.35575	9.54669	0.0374948	9.55	0.0500011	-2.72438	0
9.41068	0.305882	-2.75961	1.34818	9.32242	0.112393	9.4	0.100001	-2.72773	0.90923
9.26167	0.280843	-2.7444	1.08731	9.24446	0.153574	9.25	0.15	-2.7277	0.909222
9.10735	0.341667	-2.74714	1.08973	9.0614	0.20077	9.1	0.2	-2.72652	0.908843
8.95804	0.339688	-2.73801	0.926817	8.94752	0.260272	8.95	0.25	-2.72653	0.908843
8.86418	0.39955	-2.17314	0.978546	8.90199	0.247143	8.85	0.25	-1.81847	0
8.75041	0.369752	-2.15542	0.758974	8.76016	0.263752	8.75	0.25	-1.81846	0
8.52998	0.40134	-3.15826	0.682916	8.46355	0.258809	8.55	0.25	-3.6326	0
8.35975	0.357114	-3.14444	0.467806	8.35367	0.252596	8.35	0.25	-3.6326	0
8.20519	0.386447	-2.85608	0.490175	8.05161	0.241868	8.2	0.25	-2.72841	0
8.05225	0.340568	-2.84341	0.298729	8.05411	0.247878	8.05	0.25	-2.72842	0
7.90424	0.35914	-2.67964	0.311073	7.78653	0.205765	7.9	0.2	-2.72708	-0.909025
7.75977	0.274493	-2.66773	0.0433184	7.74339	0.144028	7.75	0.15	-2.72705	-0.909016
7.6192	0.277171	-2.70033	0.0434179	7.77346	0.0969346	7.6	0.100001	-2.73169	-0.910554
7.47277	0.176916	-2.69292	-0.226825	7.45362	0.0452052	7.45	0.0500011	-2.73169	-0.910554
7.3029	0.168842	-2.95955	-0.222	7.15329	0.0425189	7.3	0.0500011	-2.99789	0
7.15757	0.102615	-2.95487	-0.367235	7.16618	0.0287673	7.15	0.0500011	-2.9979	0
7.07669	0.0732879	-2.16206	-0.389587	7.17215	-0.0469302	7.05	-0.0499995	-1.81811	-1.81813
6.95868	-0.0343992	-2.16222	-0.616965	6.95426	-0.147757	6.95	-0.15	-1.8181	-1.81811
6.86085	-0.0749194	-1.92588	-0.639666	6.83008	-0.250179	6.85	-0.25	-1.81646	-1.81646
6.75571	-0.21251	-1.93111	-0.90918	6.76395	-0.345347	6.75	-0.35	-1.81645	-1.81645
6.67879	-0.274291	-1.67742	-0.952473	6.74798	-0.457727	6.65	-0.45	-1.81901	-1.819
6.57942	-0.43132	-1.70216	-1.2282	6.54569	-0.565853	6.55	-0.549999	-1.81899	-1.81898
6.55762	-0.537142	-0.971673	-1.39394	6.565	-0.754748	6.5	-0.749999	-0.909789	-3.63914
6.49039	-0.757043	-1.0224	-1.77057	6.4494	-0.940848	6.45	-0.949999	-0.909781	-3.63911
6.45289	-0.863083	-0.889695	-1.83645	6.44213	-1.11266	6.4	-1.1	-1.0002	-3.00061
6.38949	-1.08501	-0.959357	-2.17744	6.34405	-1.26138	6.35	-1.25	-1.0002	-3.00061
6.35321	-1.21279	-0.86422	-2.24608	6.39474	-1.36501	6.3	-1.35	-1.00035	-2.00072
6.29773	-1.37005	-0.901903	-2.3642	6.25356	-1.42931	6.25	-1.45	-1.00036	-2.00072
6.3065	-1.55572	-0.236898	-2.71476	6.24787	-1.61119	6.25	-1.6	0	-2.99288
6.28303	-1.71996	-0.26896	-2.78905	6.23547	-1.75335	6.25	-1.75	0	-2.99285
6.31644	-1.93943	0.277359	-3.1325	6.41111	-1.93027	6.3	-1.9	0.909739	-2.72921
6.33903	-2.08745	0.302376	-3.07039	6.34873	-2.05372	6.35	-2.05	0.909735	-2.72921
6.34195	-2.25349	0.06376	-2.97418	6.53066	-2.26346	6.35	-2.2	0	-2.72782
6.35702	-2.38438	0.102024	-2.8907	6.36917	-2.33894	6.35	-2.35	0	-2.72779
6.35348	-2.56059	0.110362	-2.95268	6.27034	-2.51837	6.35	-2.55	0	-3.63689
6.3556	-2.72905	0.0998389	-2.96859	6.34287	-2.73391	6.35	-2.75	0	-3.63689
6.39328	-2.95401	0.520232	-3.3203	6.45883	-2.92313	6.4	-2.9	0.908854	-2.72658
6.43409	-3.10699	0.55961	-3.24523	6.43866	-3.06257	6.45	-3.05	0.908859	-2.72658
6.45766	-3.30662	0.56628	-3.31787	6.49154	-3.20004	6.5	-3.2	0.908863	-2.72658
6.51718	-3.42956	0.654426	-3.16753	6.53579	-3.34211	6.55	-3.35	0.908855	-2.72655
6.54825	-3.62431	0.625632	-3.21435	6.70146	-3.53446	6.6	-3.5	0.908714	-2.72613
6.61784	-3.73493	0.731247	-3.04689	6.64657	-3.63945	6.65	-3.65	0.908702	-2.72611
6.65263	-3.92727	0.76794	-3.14823	6.70956	-3.81739	6.7	-3.8	0.909565	-2.72871
6.72566	-4.04508	0.85911	-3.00838	6.74885	-3.96368	6.75	-3.95	0.909561	-2.72869
6.74901	-4.21905	0.741064	-2.99175	6.73758	-4.06653	6.8	-4.1	0.908566	-2.72568
6.82338	-4.32959	0.83722	-2.85412	6.85796	-4.25464	6.85	-4.25	0.908561	-2.72569
6.90074	-4.54743	1.21423	-3.23333	7.10395	-4.4909	6.95	-4.4	1.81821	-2.72732
7.01023	-4.65694	1.33669	-3.0598	7.04679	-4.55716	7.05	-4.55	1.81822	-2.72732
7.04636	-4.82055	1.09299	-2.93862	7.02393	-4.64459	7.1	-4.7	0.91085	-2.73253
7.13206	-4.93571	1.16987	-2.82266	7.13435	-4.85502	7.15	-4.85	0.910837	-2.73251
7.16094	-5.07656	0.937411	-2.70438	7.24619	-4.97657	7.2	-4.95	1.00033	-2.00068
7.24272	-5.15248	1.04081	-2.55537	7.25317	-5.04605	7.25	-5.05	1.00033	-2.00066
7.31761	-5.3366	1.52181	-3.0311	7.22054	-5.09604	7.35	-5.2	1.9976	-2.9964
7.424	-5.43887	1.61017	-2.90626	7.43604	-5.34825	7.45	-5.35	1.9976	-2.9964
7.44306	-5.5598	0.998858	-2.46157	7.40989	-5.38617	7.5	-5.45	0.908252	-1.8165
7.53115	-5.64642	1.09207	-2.33692	7.55662	-5.56714	7.55	-5.55	0.908244	-1.81648
7.59246	-5.81048	1.38964	-2.66431	7.39379	-5.52612	7.65	-5.7	1.81785	-2.72677
7.70923	-5.90632	1.49806	-2.53277	7.76459	-5.8425	7.75	-5.85	1.81785	-2.72677
7.73778	-6.02257	0.981714	-2.16947	7.84699	-6.00602	7.8	-5.95	0.909078	-1.81815
7.82316	-6.10103	1.06688	-2.06399	7.85921	-6.04502	7.85	-6.05	0.909073	-1.81815
7.90469	-6.26627	1.46235	-2.47651	7.89511	-6.1416	7.95	-6.2	1.8197	-2.72955
8.00889	-6.378	1.52335	-2.41153	8.05619	-6.36041	8.05	-6.35	1.81969	-2.72953
8.10044	-6.54657	1.66755	-2.61201	8.2234	-6.53735	8.15	-6.5	1.8187	-2.72807
8.21402	-6.66734	1.72399	-2.55132	8.25446	-6.64851	8.25	-6.65	1.81869	-2.72804
8.25087	-6.77906	1.17954	-2.14481	8.32206	-6.77114	8.3	-6.75	0.908979	-1.81795
8.3253	-6.87923	1.20852	-2.10089	8.31728	-6.8399	8.35	-6.85	0.908979	-1.81795
8.38067	-7.01444	1.27263	-2.2335	8.2713	-6.91098	8.4	-7	0.909094	-2.72732
8.44581	-7.14372	1.25929	-2.24996	8.44183	-7.15372	8.45	-7.15	0.909102	-2.72732
8.53127	-7.31485	1.55982	-2.60413	8.54154	-7.25975	8.55	-7.3	1.81751	-2.72628
8.62579	-7.45492	1.57933	-2.59308	8.65899	-7.4699	8.65	-7.45	1.81752	-2.72628
8.66877	-7.57795	1.1108	-2.22486	8.83598	-7.68162	8.7	-7.55	0.908615	-1.81723
8.74922	-7.67647	1.16352	-2.16371	8.76769	-7.64094	8.75	-7.65	0.908607	-1.81721
8.83085	-7.84359	1.51925	-2.57382	8.77916	-7.72457	8.85	-7.8	1.8215	-2.73224
8.93066	-7.96813	1.56216	-2.52964	8.95669	-7.95155	8.95	-7.95	1.82148	-2.73221
9.00428	-8.11672	1.5448	-2.58446	9.1081	-8.22433	9	-8.1	0.999025	-2.99707
9.0754	-8.24917	1.53045	-2.59429	9.05476	-8.24211	9.05	-8.25	0.999015	-2.99704
9.10118	-8.3545	0.959104	-2.10172	9.13825	-8.4037	9.1	-8.35	0.908285	-1.81657
9.15368	-8.46656	0.960466	-2.09403	9.14025	-8.44981	9.15	-8.45	0.908268	-1.81655
9.21295	-8.61769	1.14577	-2.35196	9.22081	-8.59155	9.2	-8.6	0.91012	-2.73036
9.26689	-8.75499	1.12256	-2.37361	9.25031	-8.76071	9.25	-8.75	0.910112	-2.73033
9.32023	-8.9053	1.14552	-2.47138	9.30208	-8.90831	9.3	-8.9	0.909524	-2.72856
9.37197	-9.04882	1.11772	-2.49308	9.34431	-9.04587	9.35	-9.05	0.909524	-2.72856
9.42497	-9.1995	1.20542	-2.65866	9.39993	-9.18842	9.4	-9.2	0.999066	-2.99725
9.46843	-9.34965	1.16041	-2.70301	9.4452	-9.37195	9.45	-9.35	0.999075	-2.99724
9.51119	-9.50166	1.0543	-2.66076	9.48751	-9.46421	9.5	-9.5	0.909706	-2.7291
9.56419	-9.65082	1.04218	-2.66928	9.55098	-9.64789	9.55	-9.65	0.909706	-2.7291
9.60387	-9.79826	1.03741	-2.73678	9.57122	-9.75525	9.6	-9.8	1.00048	-3.00143
9.64615	-9.94171	1.01337	-2.75545	9.62408	-9.94149	9.65	-9.95	1.00046	-3.00141
9.66399	-10.0664	0.79812	-2.58212	9.61433	-9.96417	9.7	-10.05	0.998785	-1.99755
9.72228	-10.1775	0.847555	-2.53552	9.7457	-10.1502	9.75	-10.15	0.998775	-1.99754
9.73327	-10.2994	0.532157	-2.24869	9.77731	-10.3295	9.75	-10.3	0	-2.72851
9.75907	-10.4296	0.521176	-2.26397	9.76557	-10.4501	9.75	-10.45	0	-2.72849
9.80382	-10.6042	0.751337	-2.60732	9.89592	-10.7137	9.8	-10.6	0.909012	-2.72704
9.84574	-10.7483	0.752262	-2.60852	9.85066	-10.7537	9.85	-10.75	0.909012	-2.72703
9.85545	-10.8702	0.537613	-2.42643	9.84397	-10.9287	9.85	-10.9	0	-3.00318
9.86574	-11.0103	0.491079	-2.47324	9.85693	-11.0512	9.85	-11.05	0	-3.00316
9.87538	-11.1451	0.503499	-2.5636	9.74773	-11.0482	9.85	-11.2	0	-3.00013
9.87174	-11.3023	0.4244	-2.63652	9.84407	-11.3565	9.85	-11.35	0	-3.00012
9.88306	-11.4513	0.445568	-2.73953	9.79495	-11.4686	9.85	-11.5	0	-2.99592
9.87773	-11.6125	0.371508	-2.80117	9.83943	-11.6467	9.85	-11.65	0	-2.99592
9.83493	-11.6976	-0.245542	-2.0609	9.76634	-11.6976	9.8	-11.75	-0.908731	-1.81746
9.79334	-11.8321	-0.319436	-2.1165	9.74774	-11.8511	9.75	-11.85	-0.908731	-1.81746
9.76979	-11.9715	-0.318179	-2.20086	9.7856	-12.1262	9.7	-12	-0.909591	-2.72875
9.71117	-12.1222	-0.426244	-2.2788	9.64482	-12.1455	9.65	-12.15	-0.909582	-2.72873
9.67281	-12.2594	-0.454479	-2.32624	9.57233	-12.2948	9.6	-12.3	-0.908879	-2.72667
9.60656	-12.4194	-0.564588	-2.40795	9.55167	-12.4583	9.55	-12.45	-0.908879	-2.72665
9.5248	-12.4971	-0.994516	-1.85536	9.37132	-12.4833	9.45	-12.55	-1.82006	-1.82006
9.42663	-12.6283	-1.1091	-1.93178	9.359	-12.6499	9.35	-12.65	-1.82005	-1.82005
9.32252	-12.6696	-1.52844	-1.36735	9.16109	-12.6848	9.2	-12.75	-3.00047	-2.00033
9.16265	-12.792	-1.7484	-1.50869	9.028	-12.8337	9.05	-12.85	-3.00048	-2.00033
9.03413	-12.8517	-1.94706	-1.27451	8.85918	-12.7953	8.95	-12.9	-1.81543	-0.907707
8.89224	-12.9448	-2.03929	-1.33285	8.84257	-12.9684	8.85	-12.95	-1.81542	-0.907708
8.76188	-13.0273	-2.07878	-1.37315	8.66865	-13.0114	8.7	-13.05	-2.73134	-1.82089
8.60966	-13.1258	-2.17972	-1.43221	8.55319	-13.1445	8.55	-13.15	-2.73135	-1.82089
8.43973	-13.093	-2.76015	-0.450455	8.27267	-12.996	8.4	-13.15	-2.99683	0
8.28279	-13.1282	-2.81102	-0.481549	8.25965	-13.1488	8.25	-13.15	-2.9968	0
8.11701	-13.1916	-2.69955	-0.827012	8.04571	-13.0646	8.1	-13.2	-2.72707	-0.909028
7.96307	-13.2412	-2.71461	-0.836829	7.95841	-13.2508	7.95	-13.25	-2.72705	-0.90902
7.78817	-13.2664	-2.94795	-0.479492	7.866	-13.4154	7.8	-13.25	-2.7295	0
7.63183	-13.2844	-2.9303	-0.462123	7.62489	-13.249	7.65	-13.25	-2.7295	0
7.46093	-13.299	-3.06966	-0.295682	7.50783	-13.2944	7.5	-13.25	-2.99994	0
7.3284	-13.297	-3.01071	-0.258043	7.3419	-13.2474	7.35	-13.25	-2.99994	0
7.12652	-13.2625	-3.30802	0.279943	7.19781	-13.1973	7.2	-13.2	-2.72698	0.908995
6.99403	-13.2177	-3.17393	0.350093	7.04935	-13.1606	7.05	-13.15	-2.72695	0.908987
6.79349	-13.1991	-3.245	0.353136	6.79473	-13.0433	6.85	-13.15	-3.63709	0
6.63099	-13.1716	-3.20237	0.372989	6.65123	-13.1604	6.65	-13.15	-3.63709	0
6.44451	-13.1348	-3.38785	0.676705	6.54115	-13.2079	6.5	-13.1	-3.0006	1.00018
6.31129	-13.0811	-3.2899	0.723444	6.35317	-13.0396	6.35	-13.05	-3.0006	1.00019
6.12605	-13.1314	-3.07074	-0.0604007	6.27012	-13.1139	6.25	-13.05	-1.81729	0
6.03844	-13.0975	-2.85353	0.0301879	6.14459	-13.0471	6.15	-13.05	-1.81729	0
5.83819	-13.0148	-3.23742	0.902423	5.99498	-12.9442	6	-12.95	-2.72861	1.81906
5.7533	-12.9209	-2.98758	1.00775	5.86379	-12.8408	5.85	-12.85	-2.72861	1.81907
5.58071	-12.8801	-3.06321	1.01466	5.73761	-12.8672	5.7	-12.8	-2.99988	0.999964
5.48342	-12.8029	-2.91285	1.07721	5.55118	-12.7486	5.55	-12.75	-2.99985	0.999954
5.3186	-12.7806	-2.90811	0.843765	5.45236	-12.7392	5.45	-12.7	-2.00001	1
5.25215	-12.7043	-2.69672	0.925677	5.35556	-12.6423	5.35	-12.65	-1.99998	0.999994
5.08419	-12.6264	-2.89734	1.31602	5.26451	-12.5511	5.25	-12.55	-1.99732	1.99733
5.02677	-12.5214	-2.66176	1.40806	5.13769	-12.4355	5.15	-12.45	-1.9973	1.9973
4.85828	-12.4562	-2.7584	1.47232	5.1317	-12.5744	5.05	-12.35	-1.8206	1.82059
4.81263	-12.331	-2.47552	1.57837	4.94432	-12.2438	4.95	-12.25	-1.82058	1.82058
4.64666	-12.1944	-2.77842	2.26768	4.89215	-12.1623	4.85	-12.1	-1.9998	2.99969
4.61325	-12.0388	-2.49686	2.36962	4.75047	-11.9578	4.75	-11.95	-1.9998	2.9997
4.47086	-11.9693	-2.41827	1.88294	4.6421	-11.7788	4.7	-11.85	-1.00002	2.00003
4.47261	-11.829	-2.09231	1.99677	4.63967	-11.7513	4.65	-11.75	-1.00001	2.00002
4.33006	-11.7008	-2.30139	2.37932	4.58347	-11.632	4.6	-11.6	-0.998955	2.99688
4.36048	-11.5302	-1.91615	2.51002	4.56619	-11.4576	4.55	-11.45	-0.99896	2.99689
4.23096	-11.3984	-2.03448	2.60662	4.46846	-11.2092	4.5	-11.3	-1.00106	3.00319
4.26681	-11.2185	-1.67113	2.73387	4.46017	-11.1425	4.45	-11.15	-1.00106	3.00319
4.17493	-11.1543	-1.45905	1.92376	4.43672	-11.0976	4.45	-11.05	0	1.8168
4.23793	-10.9999	-1.083	2.05302	4.43803	-10.9525	4.45	-10.95	0	1.81679
4.14186	-10.8786	-1.26945	2.29951	4.40556	-10.7068	4.45	-10.8	0	3.00139
4.23266	-10.7108	-0.865523	2.44309	4.45507	-10.6618	4.45	-10.65	0	3.00138
4.18659	-10.6519	-0.708677	1.86123	4.44716	-10.5583	4.45	-10.55	0	2.00041
4.2765	-10.5109	-0.379551	1.9902	4.45187	-10.4417	4.45	-10.45	0	2.00038
4.21941	-10.4054	-0.520451	2.09981	4.45602	-10.2142	4.5	-10.3	0.999584	2.99875
4.34488	-10.2379	-0.122459	2.2677	4.55349	-10.1343	4.55	-10.15	0.999574	2.99871
4.29696	-10.1075	-0.303146	2.44004	4.56608	-10.005	4.55	-10	0	2.72717
4.40069	-9.92127	0.0116801	2.58191	4.55922	-9.84124	4.55	-9.85	0	2.72714
4.39057	-9.82005	0.105438	2.21283	4.62339	-9.6559	4.65	-9.7	1.8193	2.72895
4.54756	-9.63034	0.499095	2.40099	4.7439	-9.53522	4.75	-9.55	1.81929	2.72894
4.5237	-9.49889	0.289707	2.58402	4.74852	-9.27389	4.8	-9.4	1.00006	3.00019
4.66557	-9.31103	0.618979	2.75112	4.8446	-9.24095	4.85	-9.25	1.00005	3.00015
4.73052	-9.25438	1.01915	1.98093	4.98605	-9.20516	4.95	-9.15	2.00004	2.00005
4.88228	-9.10377	1.27958	2.12694	5.02283	-9.03066	5.05	-9.05	2.00004	2.00004
4.88564	-8.98412	0.925567	2.47697	5.12819	-8.95913	5.1	-8.9	0.999704	2.99911
5.02028	-8.8101	1.15335	2.6183	5.14109	-8.73073	5.15	-8.75	0.999689	2.99907
5.11608	-8.73757	1.51787	1.99806	5.33883	-8.81618	5.25	-8.65	1.81848	1.81849
5.26408	-8.59348	1.68142	2.09888	5.36408	-8.56805	5.35	-8.55	1.81846	1.81846
5.28839	-8.47565	1.36449	2.35595	5.38848	-8.31037	5.45	-8.4	2.00068	3.00103
5.43113	-8.31128	1.55395	2.4897	5.53874	-8.25196	5.55	-8.25	2.00066	3.00099
5.52585	-8.2291	1.85513	2.03689	5.56632	-8.04704	5.65	-8.15	1.99952	1.99953
5.6695	-8.09351	1.98376	2.13385	5.7459	-8.05196	5.75	-8.05	1.9995	1.9995
5.72331	-7.98883	1.75039	2.26419	5.78426	-7.91676	5.8	-7.95	0.999944	1.99989
5.82178	-7.87117	1.7765	2.27994	5.84978	-7.88144	5.85	-7.85	0.999939	1.99988
5.90293	-7.78181	1.85506	2.09645	5.92249	-7.69769	5.95	-7.75	1.99772	1.99772
6.01322	-7.66368	1.89884	2.13404	6.04031	-7.64732	6.05	-7.65	1.99771	1.9977
6.10946	-7.57261	1.95123	1.98208	6.16773	-7.55437	6.15	-7.55	1.8199	1.8199
6.22474	-7.45775	1.97123	1.99931	6.23866	-7.45306	6.25	-7.45	1.8199	1.81991
6.34049	-7.39128	2.30114	1.61023	6.25322	-7.17734	6.4	-7.35	2.99605	1.99736
6.49277	-7.28036	2.39316	1.6969	6.55461	-7.24907	6.55	-7.25	2.99605	1.99736
6.62374	-7.21522	2.48948	1.52796	6.67172	-7.23041	6.65	-7.2	1.8206	0.910303
6.75274	-7.13996	2.4697	1.50469	6.74664	-7.15616	6.75	-7.15	1.8206	0.910298
6.81458	-7.05791	2.05925	1.74602	6.79888	-6.99594	6.85	-7.05	1.99848	1.99848
6.92847	-6.96242	2.08519	1.77043	6.95342	-6.96092	6.95	-6.95	1.99846	1.99846
7.06358	-6.90385	2.33621	1.49662	7.17955	-6.9446	7.1	-6.85	2.72688	1.81792
7.22199	-6.78577	2.41218	1.59284	7.24929	-6.7261	7.25	-6.75	2.72688	1.81792
7.30204	-6.70259	2.01113	1.79392	7.42782	-6.72337	7.35	-6.65	1.81821	1.81821
7.43422	-6.5796	2.06451	1.86091	7.46332	-6.54842	7.45	-6.55	1.81821	1.81821
7.55757	-6.50462	2.24847	1.66566	7.54452	-6.5069	7.55	-6.5	1.81726	0.908632
7.66635	-6.43312	2.21084	1.61148	7.65373	-6.46481	7.65	-6.45	1.81726	0.908632
7.82554	-6.38517	2.61362	1.28269	7.8635	-6.45394	7.8	-6.4	2.72951	0.909839
7.95796	-6.32844	2.5861	1.24488	7.94162	-6.34466	7.95	-6.35	2.72948	0.909826
8.01443	-6.25396	2.07409	1.49445	7.89525	-6.11857	8.05	-6.25	2.00047	2.00048
8.12466	-6.16736	2.09151	1.5253	8.12355	-6.14389	8.15	-6.15	2.00048	2.00048
8.24516	-6.10611	2.20918	1.39645	8.31422	-6.05705	8.3	-6.05	2.72702	1.81801
8.3943	-5.99749	2.27505	1.48574	8.45315	-5.97158	8.45	-5.95	2.727	1.818
8.4946	-5.93748	2.2166	1.4617	8.53167	-5.90349	8.55	-5.9	2.00127	1.00064
8.61738	-5.84921	2.24515	1.50412	8.64207	-5.83392	8.65	-5.85	2.00128	1.00064
8.75427	-5.80099	2.48605	1.33025	8.88764	-5.82241	8.8	-5.75	2.99963	1.99976
8.90374	-5.69634	2.5473	1.43401	8.94256	-5.64534	8.95	-5.65	2.99961	1.99974
8.99385	-5.6345	2.16662	1.56439	9.21669	-5.64514	9.05	-5.55	1.99699	1.997
9.12611	-5.51485	2.22526	1.67547	9.15342	-5.45253	9.15	-5.45	1.997	1.99701
9.21275	-5.42683	1.9851	1.73806	9.16723	-5.29709	9.25	-5.35	1.8166	1.81659
9.33987	-5.29453	2.02996	1.83531	9.34852	-5.23619	9.35	-5.25	1.8166	1.81659
9.42881	-5.20159	1.90429	1.84551	9.39027	-5.1041	9.45	-5.15	1.8222	1.82219
9.54196	-5.08004	1.92624	1.89903	9.54207	-5.04728	9.55	-5.05	1.82219	1.82219
9.66426	-5.00319	2.22517	1.74464	9.62802	-5.02338	9.65	-5	1.99604	0.998028
9.76792	-4.92875	2.2073	1.709	9.75	-4.94288	9.75	-4.95	1.99605	0.998028
9.8487	-4.84046	1.83709	1.80698	9.88102	-4.86216	9.85	-4.85	1.81895	1.81894
9.94628	-4.74964	1.82855	1.78441	9.94502	-4.76247	9.95	-4.75	1.81894	1.81894
10.0175	-4.65872	1.56304	1.84262	10.0747	-4.62454	10.05	-4.6	1.81966	2.72951
10.1216	-4.51353	1.60752	1.95954	10.1384	-4.4533	10.15	-4.45	1.81965	2.72948
10.2097	-4.41585	1.6716	1.90715	10.1743	-4.32841	10.25	-4.35	1.81908	1.81907
10.3151	-4.28551	1.70202	1.97664	10.3492	-4.25956	10.35	-4.25	1.81908	1.81907
10.4002	-4.19948	1.66174	1.95781	10.56	-4.15868	10.45	-4.1	2.00061	3.0009
10.5092	-4.03967	1.72145	2.12443	10.5557	-3.96034	10.55	-3.95	2.0006	3.0009
10.6272	-3.94635	1.99393	2.03236	10.7738	-3.89129	10.65	-3.85	1.99963	1.99964
10.7383	-3.80651	2.02168	2.13347	10.7394	-3.74821	10.75	-3.75	1.99962	1.99962
10.7487	-3.7058	1.16252	2.29273	10.7674	-3.58281	10.8	-3.6	0.999844	2.99952
10.8284	-3.52619	1.2114	2.46646	10.8596	-3.4348	10.85	-3.45	0.999834	2.99949
10.9448	-3.40987	1.78235	2.33924	10.9601	-3.36033	10.95	-3.35	2.00065	2.00064
11.0395	-3.27542	1.79478	2.38622	11.0504	-3.25128	11.05	-3.25	2.00064	2.00064
11.0572	-3.16409	1.11758	2.4746	11.0282	-3.07488	11.1	-3.1	0.998546	2.99563
11.1261	-2.99925	1.14483	2.58448	11.1569	-2.944	11.15	-2.95	0.998526	2.9956
11.1128	-2.86744	0.387944	2.67053	11.1386	-2.78926	11.15	-2.8	0	2.73104
11.14	-2.69188	0.400999	2.74702	11.141	-2.65084	11.15	-2.65	0	2.73102
11.1431	-2.54711	0.243554	2.74881	11.1042	-2.54354	11.15	-2.55	0	1.81785
11.1515	-2.42265	0.233029	2.67796	11.1497	-2.45904	11.15	-2.45	0	1.81785
11.2574	-2.28669	1.23106	2.56503	11.1658	-2.25651	11.25	-2.25	1.99733	3.99465
11.3299	-2.11222	1.25205	2.68796	11.3591	-2.05184	11.35	-2.05	1.99733	3.99465
11.3303	-1.9787	0.587041	2.70676	11.3117	-1.92025	11.35	-1.95	0	1.81854
11.3593	-1.84583	0.58112	2.66425	11.3504	-1.8663	11.35	-1.85	0	1.81853
11.3694	-1.70681	0.337378	2.6636	11.4185	-1.70062	11.35	-1.7	0	2.72762
11.3855	-1.54951	0.333445	2.69129	11.3568	-1.53205	11.35	-1.55	0	2.72762
11.3146	-1.41716	-0.523319	2.69547	11.2541	-1.38373	11.3	-1.4	-0.908846	2.72653
11.2817	-1.25886	-0.530132	2.72081	11.2429	-1.24238	11.25	-1.25	-0.908846	2.72653
11.1751	-1.12343	-1.24808	2.70888	11.0754	-1.08747	11.15	-1.1	-1.82014	2.73021
11.1018	-0.955246	-1.25645	2.75869	11.0544	-0.927069	11.05	-0.949999	-1.82013	2.73021
11.0318	-0.818612	-1.26368	2.75385	10.9247	-0.791254	11	-0.799999	-1.00036	3.00107
10.9665	-0.664213	-1.26775	2.79751	10.9434	-0.640459	10.95	-0.65	-1.00035	3.00104
10.8411	-0.539873	-1.8285	2.75243	10.7146	-0.485949	10.85	-0.5	-2.00003	3.00006
10.7497	-0.385654	-1.82971	2.79615	10.7471	-0.362528	10.75	-0.35	-2.00002	3.00003
10.6561	-0.231316	-1.77782	2.79887	10.6895	-0.304531	10.65	-0.3	-1.81779	0.908892
10.5567	-0.158352	-1.77089	2.58545	10.547	-0.266677	10.55	-0.25	-1.81778	0.908893
10.4029	-0.0490439	-2.5095	2.50829	10.5032	-0.154501	10.4	-0.15	-3.00061	2.00041
10.275	0.0244622	-2.50636	2.37129	10.2485	-0.0475524	10.25	-0.0499992	-3.0006	2.00041
10.1809	0.152352	-2.1529	2.41167	10.1407	-0.0721585	10.15	-0.0499992	-1.99645	0
10.0723	0.138502	-2.13467	2.05663	10.0313	-0.0518611	10.05	-0.0499992	-1.99644	0
9.93142	0.243455	-2.47887	2.01885	10.0898	-0.00166396	9.9	9.49949e-07	-2.73175	0.910584
9.795	0.224041	-2.46185	1.67559	9.74695	0.0464954	9.75	0.0500011	-2.73174	0.910584
9.62535	0.302382	-2.86977	1.64049	9.50402	0.0833188	9.6	0.100001	-2.99544	0.998471
9.48343	0.286476	-2.85431	1.38203	9.45825	0.149456	9.45	0.15	-2.99545	0.998471
9.37412	0.373023	-2.26297	1.44043	9.22819	0.16178	9.35	0.15	-1.81963	0
9.2556	0.318701	-2.23788	1.08918	9.24456	0.139817	9.25	0.15	-1.81962	0
9.09366	0.368469	-2.74173	1.05243	9.0729	0.205961	9.1	0.2	-3.00059	1.0002
8.96076	0.349522	-2.72747	0.864021	8.96281	0.250937	8.95	0.25	-3.0006	1.0002
8.81273	0.392081	-2.86305	0.855703	8.84168	0.257617	8.8	0.25	-2.99995	0
8.67195	0.356421	-2.85129	0.648815	8.65606	0.24536	8.65	0.25	-2.99994	0
8.5222	0.390053	-2.86817	0.650884	8.43549	0.247188	8.5	0.25	-2.99323	0
8.37792	0.352376	-2.86239	0.465217	8.34184	0.250769	8.35	0.25	-2.9932	0
8.23723	0.380145	-2.70493	0.478136	8.27073	0.243988	8.2	0.25	-2.73233	0
8.08608	0.345587	-2.70456	0.317537	8.03847	0.260731	8.05	0.25	-2.73234	0
7.94226	0.361732	-2.81377	0.313853	7.98053	0.204587	7.9	0.2	-3.00234	-1.00078
7.79844	0.283327	-2.81182	0.0653523	7.73327	0.149199	7.75	0.15	-3.00231	-1.00077
7.62822	0.287978	-3.01766	0.0627043	7.46173	0.143776	7.6	0.15	-2.99599	0
7.47696	0.232696	-3.01498	-0.091552	7.45455	0.149294	7.45	0.15	-2.99596	0
7.38631	0.225935	-2.21793	-0.0777817	7.37986	0.0951006	7.35	0.100001	-1.81801	-0.908998
7.26683	0.150745	-2.21192	-0.264647	7.26713	0.055036	7.25	0.0500011	-1.81801	-0.908998
7.12174	0.138561	-2.57505	-0.261084	7.32548	-0.0461763	7.1	-0.0499995	-2.72495	-1.81664
6.97695	0.0134485	-2.58044	-0.553197	6.93127	-0.133333	6.95	-0.15	-2.72492	-1.81662
6.95549	-0.041405	-1.43425	-0.632788	7.09668	-0.264116	6.9	-0.25	-0.910634	-1.82126
6.87414	-0.191994	-1.44448	-0.938119	6.84796	-0.34284	6.85	-0.35	-0.910622	-1.82124
6.6969	-0.205676	-2.49897	-0.798425	6.64638	-0.45061	6.7	-0.45	-2.99641	-1.99759
6.56702	-0.368844	-2.52151	-1.12317	6.54772	-0.536719	6.55	-0.549999	-2.99637	-1.99757
6.53007	-0.481179	-1.44792	-1.34354	6.50462	-0.718	6.5	-0.7	-0.909955	-2.72986
6.44524	-0.681718	-1.47958	-1.67638	6.45451	-0.851695	6.45	-0.85	-0.909955	-2.72986
6.42231	-0.807628	-0.94897	-1.85995	6.42547	-0.999512	6.4	-1	-0.999224	-2.99766
6.36378	-1.00961	-0.998158	-2.14506	6.3554	-1.1624	6.35	-1.15	-0.99921	-2.99763
6.30447	-1.1396	-0.954507	-2.19118	6.14523	-1.27904	6.3	-1.3	-0.908722	-2.72618
6.23912	-1.34152	-1.00651	-2.4027	6.2299	-1.45381	6.25	-1.45	-0.908718	-2.72616
6.28962	-1.58616	0.15033	-2.98609	6.37158	-1.60661	6.3	-1.6	0.910485	-2.73144
6.30386	-1.74728	0.162028	-2.97738	6.34473	-1.75136	6.35	-1.75	0.910481	-2.73144
6.30399	-1.9032	0.0787802	-2.97147	6.34	-1.88987	6.35	-1.9	0	-2.99515
6.31595	-2.04256	0.0974245	-2.94565	6.35828	-2.03886	6.35	-2.05	0	-2.99515
6.31948	-2.21665	0.0318483	-2.95274	6.45002	-2.23466	6.35	-2.2	0	-2.72856
6.328	-2.36223	0.0528315	-2.90964	6.34057	-2.34076	6.35	-2.35	0	-2.72854
6.37015	-2.58164	0.494826	-3.23691	6.4979	-2.56206	6.4	-2.5	0.908227	-2.7247
6.41879	-2.71191	0.559914	-3.11407	6.45265	-2.65056	6.45	-2.65	0.908223	-2.72467
6.40108	-2.85445	0.0300038	-2.82098	6.46538	-2.81029	6.45	-2.8	0	-2.72732
6.42084	-2.97681	0.0816765	-2.73665	6.45762	-2.94003	6.45	-2.95	0	-2.7273
6.45816	-3.19331	0.620299	-3.17187	6.36717	-3.08903	6.5	-3.15	0.909078	-3.6363
6.50539	-3.35051	0.654314	-3.12675	6.54349	-3.33906	6.55	-3.35	0.90907	-3.63626
6.53684	-3.54358	0.630641	-3.17852	6.6454	-3.53435	6.6	-3.5	0.910038	-2.7301
6.59433	-3.68954	0.690209	-3.10373	6.65608	-3.67065	6.65	-3.65	0.910033	-2.7301
6.61898	-3.87447	0.597044	-3.10409	6.70981	-3.81998	6.7	-3.8	0.908095	-2.7243
6.68291	-4.00197	0.681738	-2.99236	6.74422	-3.95901	6.75	-3.95	0.908091	-2.72428
6.69581	-4.1719	0.522289	-2.94125	6.72525	-4.05329	6.8	-4.1	0.910949	-2.73284
6.76003	-4.28963	0.616343	-2.82768	6.83817	-4.25449	6.85	-4.25	0.910945	-2.73284
6.76406	-4.4321	0.395321	-2.72159	6.86491	-4.32753	6.9	-4.35	0.999834	-1.99968
6.83536	-4.50689	0.530851	-2.56133	6.94879	-4.45387	6.95	-4.45	0.999829	-1.99966
6.89988	-4.70511	1.06501	-3.07378	6.99339	-4.57763	7.05	-4.6	1.99653	-2.99479
7.0072	-4.802	1.20241	-2.92199	7.14339	-4.76622	7.15	-4.75	1.99653	-2.99479
7.02985	-4.9383	0.881144	-2.72601	7.11889	-4.79341	7.2	-4.85	1.00098	-2.00196
7.13215	-5.00815	1.03307	-2.5514	7.25883	-4.94719	7.25	-4.95	1.00097	-2.00194
7.17586	-5.16412	0.965319	-2.56934	7.28536	-5.09276	7.3	-5.1	0.90969	-2.72906
7.26202	-5.271	1.04975	-2.47799	7.33925	-5.24908	7.35	-5.25	0.909677	-2.72904
7.34697	-5.45883	1.57003	-2.9899	7.33914	-5.30864	7.45	-5.4	1.99976	-2.99964
7.46138	-5.57294	1.66051	-2.89478	7.5499	-5.55354	7.55	-5.55	1.99976	-2.99964
7.49158	-5.69164	1.14614	-2.5246	7.59167	-5.64447	7.6	-5.65	1.00038	-2.00076
7.5829	-5.77824	1.23596	-2.42082	7.64483	-5.73357	7.65	-5.75	1.00037	-2.00074
7.65725	-5.94788	1.46265	-2.68807	7.6402	-5.81769	7.75	-5.9	1.81659	-2.7249
7.76928	-6.06578	1.54228	-2.60718	7.84396	-6.051	7.85	-6.05	1.81659	-2.7249
7.79919	-6.18302	1.00951	-2.21889	7.91394	-6.15143	7.9	-6.15	0.909251	-1.81851
7.88455	-6.27608	1.08549	-2.14131	7.95018	-6.25957	7.95	-6.25	0.909247	-1.81849
7.95704	-6.43484	1.28959	-2.39406	8.10134	-6.38026	8.05	-6.35	1.81576	-1.81577
8.07704	-6.51265	1.41792	-2.25201	8.15891	-6.45832	8.15	-6.45	1.81577	-1.81577
8.17092	-6.67855	1.63194	-2.51033	8.3424	-6.65648	8.25	-6.6	1.8218	-2.73269
8.28942	-6.78339	1.70814	-2.42399	8.33273	-6.74641	8.35	-6.75	1.8218	-2.73269
8.35561	-6.91782	1.45979	-2.27966	8.46635	-6.96022	8.4	-6.9	0.907987	-2.72401
8.43862	-7.04081	1.46646	-2.27282	8.44383	-7.03914	8.45	-7.05	0.907988	-2.72398
8.50725	-7.18228	1.41597	-2.30174	8.53661	-7.23635	8.5	-7.2	0.910054	-2.73014
8.56856	-7.33126	1.37032	-2.35907	8.55761	-7.36836	8.55	-7.35	0.910046	-2.73012
8.63459	-7.47501	1.41785	-2.47693	8.70486	-7.48959	8.65	-7.45	1.99827	-1.99828
8.72495	-7.57823	1.46887	-2.42241	8.7565	-7.55536	8.75	-7.55	1.99828	-1.99828
8.78469	-7.71809	1.37333	-2.40465	8.74707	-7.66927	8.8	-7.7	0.909061	-2.72717
8.85715	-7.85298	1.36559	-2.41182	8.85031	-7.85391	8.85	-7.85	0.909053	-2.72715
8.91167	-7.99247	1.26422	-2.38746	8.88546	-7.96913	8.9	-8	0.908945	-2.72688
8.96691	-8.14044	1.22559	-2.43031	8.95085	-8.16397	8.95	-8.15	0.908953	-2.72687
9.01847	-8.28569	1.17005	-2.44918	9.03618	-8.239	9.05	-8.25	1.82026	-1.82027
9.1125	-8.38816	1.24946	-2.36605	9.15149	-8.34807	9.15	-8.35	1.82025	-1.82026
9.17721	-8.53747	1.42052	-2.60658	9.14011	-8.44049	9.2	-8.5	0.999884	-2.99963
9.24601	-8.66602	1.41699	-2.60394	9.22902	-8.65053	9.25	-8.65	0.999874	-2.9996
9.2959	-8.80079	1.33481	-2.59032	9.23666	-8.722	9.3	-8.8	0.999284	-2.99783
9.35971	-8.93599	1.32541	-2.60361	9.36398	-8.95164	9.35	-8.95	0.999284	-2.99784
9.39148	-9.05751	0.913476	-2.24611	9.47823	-9.13791	9.4	-9.05	0.909209	-1.81844
9.44421	-9.17531	0.921824	-2.23272	9.43696	-9.1575	9.45	-9.15	0.90921	-1.81843
9.49	-9.32167	1.00658	-2.39435	9.44585	-9.27158	9.5	-9.3	0.908483	-2.72543
9.54387	-9.45409	1.00298	-2.39643	9.53884	-9.45193	9.55	-9.45	0.908475	-2.72542
9.5976	-9.61227	1.0448	-2.51474	9.6872	-9.68187	9.6	-9.6	0.909756	-2.72927
9.65873	-9.74962	1.05319	-2.51119	9.67284	-9.75791	9.65	-9.75	0.909739	-2.72923
9.7209	-9.91367	1.16639	-2.70696	9.86489	-10.0711	9.7	-9.9	0.998626	-2.99586
9.77094	-10.0536	1.14625	-2.7204	9.74713	-10.0467	9.75	-10.05	0.998616	-2.99584
9.78685	-10.1719	0.730156	-2.3258	9.75497	-10.1932	9.75	-10.2	0	-2.72857
9.79451	-10.3294	0.644361	-2.40322	9.74697	-10.3629	9.75	-10.35	0	-2.72854
9.82702	-10.4892	0.759142	-2.61246	9.77249	-10.4428	9.8	-10.5	0.909773	-2.7293
9.86482	-10.6373	0.74824	-2.62371	9.86261	-10.6462	9.85	-10.65	0.909773	-2.7293
9.8725	-10.7662	0.470434	-2.37076	9.86786	-10.8223	9.85	-10.8	0	-2.72846
9.87583	-10.9167	0.410538	-2.42291	9.8455	-10.9408	9.85	-10.95	0	-2.72844
9.88495	-11.0629	0.376833	-2.46041	9.84594	-11.0973	9.85	-11.1	0	-2.72748
9.87684	-11.2225	0.300644	-2.52358	9.83549	-11.2481	9.85	-11.25	0	-2.72745
9.88784	-11.3744	0.342314	-2.65541	9.8926	-11.4631	9.85	-11.4	0	-2.9967
9.88547	-11.5279	0.28802	-2.70612	9.87136	-11.5692	9.85	-11.55	0	-2.99671
9.86967	-11.6579	-0.0101053	-2.39315	9.89882	-11.7746	9.8	-11.7	-0.909227	-2.72768
9.82109	-11.8267	-0.136775	-2.49039	9.74749	-11.8623	9.75	-11.85	-0.909218	-2.72765
9.78803	-11.9557	-0.32335	-2.31802	9.75738	-12.0161	9.7	-12	-0.908714	-2.72613
9.7237	-12.1182	-0.446325	-2.40908	9.65408	-12.1513	9.65	-12.15	-0.908706	-2.7261
9.66255	-12.2226	-0.742954	-2.07024	9.60373	-12.2428	9.6	-12.25	-0.909639	-1.81931
9.59621	-12.3491	-0.8074	-2.1067	9.54006	-12.3354	9.55	-12.35	-0.90964	-1.8193
9.50395	-12.4176	-1.19267	-1.62602	9.38815	-12.3607	9.45	-12.45	-1.81824	-1.81825
9.40537	-12.528	-1.27882	-1.68163	9.35049	-12.5377	9.35	-12.55	-1.81823	-1.81823
9.30836	-12.6052	-1.54651	-1.36099	9.33568	-12.8372	9.2	-12.65	-2.72578	-1.81718
9.15438	-12.7241	-1.72748	-1.47628	9.04708	-12.7528	9.05	-12.75	-2.72576	-1.81717
9.04399	-12.8203	-1.74169	-1.55734	8.97697	-12.8161	8.95	-12.85	-1.8192	-1.81921
8.90962	-12.9292	-1.84325	-1.61827	8.84904	-12.9423	8.85	-12.95	-1.81921	-1.81921
8.78059	-13.007	-1.97985	-1.48873	8.64934	-12.9537	8.7	-13.05	-2.72781	-1.81854
8.62049	-13.1207	-2.1159	-1.56978	8.5479	-13.1496	8.55	-13.15	-2.7278	-1.81853
8.45212	-13.1157	-2.70133	-0.578327	8.43462	-13.263	8.4	-13.15	-2.72644	0
8.28831	-13.1541	-2.74051	-0.596587	8.26001	-13.1483	8.25	-13.15	-2.72641	0
8.12086	-13.1597	-2.95388	-0.30041	8.10139	-13.1447	8.1	-13.15	-3.00083	0
7.9679	-13.1748	-2.96638	-0.30268	7.95138	-13.1593	7.95	-13.15	-3.00084	0
7.79816	-13.2378	-2.86569	-0.645412	7.85182	-13.2702	7.8	-13.2	-2.72553	-0.908516
7.64167	-13.2718	-2.86197	-0.642051	7.64076	-13.2654	7.65	-13.25	-2.72554	-0.908516
7.44449	-13.2418	-3.26038	0.098116	7.51359	-13.2891	7.5	-13.2	-2.72544	0.908483
7.31151	-13.206	-3.13352	0.170119	7.35762	-13.1417	7.35	-13.15	-2.72544	0.908483
7.12496	-13.2269	-3.10886	-0.0386049	7.19553	-13.2012	7.2	-13.15	-2.73035	0
7.00031	-13.2025	-2.9844	0.0254081	7.05296	-13.1563	7.05	-13.15	-2.73035	0
6.81062	-13.1941	-3.12423	0.193486	6.87644	-13.2105	6.85	-13.15	-3.63616	0
6.65736	-13.1707	-3.07297	0.222705	6.672	-13.1364	6.65	-13.15	-3.63617	0
6.47539	-13.2107	-2.96883	-0.224736	6.53838	-13.1322	6.55	-13.15	-1.81656	0
6.37981	-13.1919	-2.78849	-0.147631	6.46904	-13.1587	6.45	-13.15	-1.81657	0
6.18781	-13.1514	-3.04864	0.347309	6.22921	-13.0167	6.3	-13.1	-2.73109	0.910352
6.08537	-13.0984	-2.87346	0.427458	6.15723	-13.0319	6.15	-13.05	-2.73109	0.91036
5.88036	-12.9962	-3.24463	1.23373	5.95573	-12.8757	6	-12.95	-2.72331	1.81553
5.7724	-12.8953	-3.05547	1.31298	5.85711	-12.8423	5.85	-12.85	-2.72331	1.81554
5.58919	-12.8681	-3.01611	0.990272	5.73901	-12.8863	5.7	-12.8	-2.72842	0.909475
5.48213	-12.7887	-2.8599	1.05124	5.5559	-12.7556	5.55	-12.75	-2.72839	0.909466
5.29191	-12.7034	-3.0633	1.42411	5.41889	-12.6989	5.4	-12.65	-2.731	1.82067
5.17729	-12.5998	-2.91921	1.48352	5.23681	-12.5467	5.25	-12.55	-2.731	1.82066
4.99098	-12.5301	-2.99372	1.46538	5.16911	-12.5003	5.15	-12.45	-1.81821	1.8182
4.92577	-12.4103	-2.72937	1.56058	5.04959	-12.3548	5.05	-12.35	-1.8182	1.8182
4.76385	-12.3424	-2.81779	1.588	4.99996	-12.3538	4.95	-12.25	-1.99957	1.99957
4.73166	-12.2193	-2.52753	1.69259	4.86969	-12.1416	4.85	-12.15	-1.99954	1.99955
4.58359	-12.1663	-2.52556	1.43567	4.83937	-12.0439	4.8	-12.05	-0.999954	1.99993
4.59491	-12.0397	-2.15809	1.56724	4.77326	-11.9345	4.75	-11.95	-0.999959	1.99992
4.43674	-11.8922	-2.47381	2.27454	4.5839	-11.6711	4.65	-11.8	-2.0002	3.00031
4.41454	-11.7355	-2.20177	2.3768	4.54148	-11.6336	4.55	-11.65	-2.0002	3.0003
4.29272	-11.6828	-2.07606	1.74951	4.53697	-11.5591	4.55	-11.55	0	1.99749
4.34082	-11.5403	-1.67319	1.88768	4.55238	-11.4548	4.55	-11.45	0	1.99746
4.19065	-11.3596	-2.0655	2.75828	4.47604	-11.2089	4.5	-11.25	-0.90916	3.63662
4.24079	-11.1478	-1.63276	2.91113	4.45629	-11.0538	4.45	-11.05	-0.909152	3.63659
4.1596	-11.0951	-1.30773	1.80761	4.39651	-10.8822	4.45	-10.95	0	1.81807
4.24804	-10.9384	-0.886253	1.9581	4.45899	-10.8664	4.45	-10.85	0	1.81808
4.16233	-10.828	-1.04694	2.12311	4.493	-10.7885	4.45	-10.7	0	2.72865
4.25483	-10.652	-0.651907	2.27831	4.44058	-10.5544	4.45	-10.55	0	2.72864
4.18676	-10.5364	-0.736741	2.24878	4.44399	-10.3941	4.45	-10.4	0	2.72392
4.28117	-10.3545	-0.381154	2.40065	4.44086	-10.2469	4.45	-10.25	0	2.72391
4.23615	-10.2484	-0.413856	2.25601	4.53204	-10.1814	4.5	-10.1	0.909624	2.72885
4.3652	-10.058	-0.0156539	2.4331	4.54793	-9.94716	4.55	-9.95	0.909615	2.72884
4.33883	-9.94416	-0.0262423	2.25494	4.57622	-9.70975	4.6	-9.8	0.909111	2.72733
4.47799	-9.7539	0.341925	2.43304	4.64364	-9.63888	4.65	-9.65	0.909107	2.72732
4.47962	-9.65237	0.363631	2.21004	4.76628	-9.54952	4.75	-9.5	1.81921	2.7288
4.64501	-9.46272	0.740911	2.39976	4.82761	-9.37054	4.85	-9.35	1.81921	2.7288
4.64932	-9.33819	0.619281	2.42321	4.89701	-9.18082	4.9	-9.2	0.908739	2.72622
4.80157	-9.14188	0.92579	2.59729	4.94177	-9.04086	4.95	-9.05	0.908743	2.72623
4.8729	-9.06608	1.21561	2.01823	5.09012	-9.06486	5.05	-8.95	1.8169	1.81688
5.02752	-8.90719	1.441	2.1535	5.1385	-8.8446	5.15	-8.85	1.81688	1.81688
5.07047	-8.79678	1.32201	2.16553	5.21345	-8.63875	5.25	-8.7	1.8201	2.73014
5.23111	-8.62428	1.54777	2.31589	5.33853	-8.54729	5.35	-8.55	1.82008	2.73013
5.29518	-8.5174	1.54639	2.18166	5.35874	-8.39385	5.4	-8.45	0.910244	1.82049
5.41384	-8.37781	1.63149	2.23928	5.46213	-8.36055	5.45	-8.35	0.910249	1.8205
5.45099	-8.27281	1.37381	2.40677	5.63723	-8.3352	5.55	-8.2	1.99657	2.99484
5.57206	-8.11528	1.50723	2.51031	5.63863	-8.05978	5.65	-8.05	1.99657	2.99485
5.6717	-8.0198	1.81855	2.0595	5.69655	-7.84304	5.75	-7.95	1.81871	1.81872
5.80302	-7.88336	1.89809	2.12457	5.84353	-7.85177	5.85	-7.85	1.81871	1.81871
5.91251	-7.80144	2.08936	1.82184	5.9537	-7.7033	6	-7.75	2.72961	1.81974
6.06989	-7.67386	2.19443	1.90367	6.14453	-7.66253	6.15	-7.65	2.72961	1.81974
6.14896	-7.59278	2.05121	1.93223	6.27	-7.55894	6.25	-7.55	1.9992	1.9992
6.28544	-7.46969	2.13533	2.0082	6.3386	-7.44193	6.35	-7.45	1.99918	1.99918
6.3834	-7.37787	2.09203	1.94898	6.44365	-7.32743	6.45	-7.35	1.81911	1.81911
6.51522	-7.25915	2.13276	1.98387	6.54947	-7.257	6.55	-7.25	1.81909	1.81909
6.61469	-7.18667	2.15457	1.87422	6.71635	-7.22979	6.65	-7.15	1.99996	1.99996
6.73995	-7.07258	2.19977	1.92851	6.7522	-7.03215	6.75	-7.05	1.99996	1.99996
6.86027	-7.00462	2.41542	1.68166	6.81357	-6.96259	6.85	-7	1.99752	0.998765
6.97092	-6.92918	2.39056	1.65617	6.95051	-6.93564	6.95	-6.95	1.99752	0.998765
7.08436	-6.85182	2.37777	1.58714	7.00414	-6.76319	7.1	-6.85	2.73035	1.82023
7.22675	-6.75575	2.40566	1.61391	7.25571	-6.75585	7.25	-6.75	2.73035	1.82023
7.30555	-6.67865	2.15952	1.71208	7.28718	-6.59248	7.35	-6.65	2.0006	2.0006
7.42417	-6.57804	2.18709	1.75183	7.42947	-6.54884	7.45	-6.55	2.00058	2.00058
7.54672	-6.51901	2.38004	1.55493	7.58756	-6.53752	7.55	-6.5	1.99841	0.999204
7.66245	-6.44378	2.37228	1.547	7.65263	-6.44325	7.65	-6.45	1.99838	0.999195
7.82144	-6.40224	2.84101	1.18793	7.78988	-6.37954	7.8	-6.4	2.99952	0.999844
7.9625	-6.34295	2.83895	1.18698	7.95705	-6.33998	7.95	-6.35	2.99949	0.999829
8.02868	-6.26709	2.04204	1.60069	8.1289	-6.31809	8.05	-6.25	1.81603	1.81603
8.14906	-6.16586	2.06244	1.63524	8.15184	-6.14215	8.15	-6.15	1.81603	1.81603
8.22691	-6.07914	1.87257	1.68725	8.12981	-5.95044	8.25	-6.05	1.81921	1.81921
8.33894	-5.97272	1.89529	1.72403	8.34844	-5.95288	8.35	-5.95	1.81921	1.81921
8.50732	-5.91812	2.58976	1.28719	8.45627	-5.87026	8.5	-5.9	2.729	0.909673
8.65038	-5.84442	2.59212	1.29443	8.64546	-5.83668	8.65	-5.85	2.72898	0.909661
8.76976	-5.78119	2.49941	1.28929	8.68227	-5.68169	8.8	-5.75	2.72771	1.81848
8.92372	-5.68651	2.53912	1.35436	8.95179	-5.66017	8.95	-5.65	2.72772	1.81848
8.99137	-5.61702	2.06864	1.53076	8.99196	-5.51961	9.05	-5.55	1.99939	1.9994
9.11806	-5.50278	2.12496	1.63295	9.15234	-5.45358	9.15	-5.45	1.9994	1.9994
9.23141	-5.4278	2.13925	1.5807	9.25593	-5.41629	9.25	-5.4	1.81776	0.90888
9.34915	-5.3397	2.13971	1.58346	9.3462	-5.33648	9.35	-5.35	1.81776	0.908875
9.38609	-5.24557	1.45029	1.83622	9.35852	-5.15981	9.45	-5.2	1.81545	2.72317
9.49234	-5.10586	1.51107	1.9429	9.55586	-5.07162	9.55	-5.05	1.81542	2.72314
9.59295	-5.01628	1.74223	1.81082	9.60543	-4.91132	9.65	-4.95	1.82145	1.82147
9.71019	-4.87942	1.79277	1.91271	9.75218	-4.8384	9.75	-4.85	1.82146	1.82146
9.82372	-4.79379	1.87948	1.84248	10.0131	-4.84834	9.85	-4.75	1.81961	1.8196
9.93616	-4.67676	1.90033	1.88563	9.9571	-4.66087	9.95	-4.65	1.8196	1.8196
10.0247	-4.59221	1.90055	1.85159	9.99978	-4.51909	10.05	-4.55	1.99827	1.99828
10.1331	-4.47149	1.93141	1.92733	10.1558	-4.43582	10.15	-4.45	1.99826	1.99826
10.1984	-4.36979	1.60935	1.99323	10.1567	-4.25503	10.25	-4.3	1.81693	2.72538
10.3045	-4.21917	1.6502	2.10305	10.3312	-4.16698	10.35	-4.15	1.81692	2.72536
10.4141	-4.11437	1.89667	2.00641	10.3715	-4.04505	10.45	-4.05	1.81951	1.8195
10.5307	-3.9755	1.92457	2.08349	10.5551	-3.94162	10.55	-3.95	1.8195	1.81951
10.6317	-3.87024	1.89939	2.06224	10.6459	-3.84961	10.65	-3.85	1.81817	1.81818
10.7388	-3.75127	1.90498	2.07729	10.746	-3.7455	10.75	-3.75	1.81816	1.81817
10.8344	-3.64699	1.78324	2.07873	10.9384	-3.6422	10.85	-3.6	1.81621	2.7243
10.9422	-3.49769	1.80612	2.17099	10.9457	-3.45027	10.95	-3.45	1.8162	2.7243
10.9765	-3.38671	1.12801	2.27813	11.1095	-3.32647	11	-3.3	0.908632	2.72588
11.0481	-3.21901	1.151	2.38972	11.0435	-3.16012	11.05	-3.15	0.908632	2.72588
11.086	-3.09229	0.993614	2.39657	10.9851	-2.95299	11.1	-3	0.909905	2.72971
11.1508	-2.91626	1.01676	2.51382	11.1542	-2.85724	11.15	-2.85	0.909888	2.72968
11.1269	-2.78568	0.318826	2.58807	11.0233	-2.67356	11.15	-2.7	0	2.72847
11.149	-2.6082	0.330379	2.68032	11.1324	-2.55807	11.15	-2.55	0	2.72844
11.1523	-2.46945	0.14192	2.68342	11.2541	-2.42353	11.15	-2.4	0	2.72732
11.1633	-2.29816	0.149224	2.74576	11.1569	-2.2658	11.15	-2.25	0	2.72732
11.2763	-2.14031	1.23368	2.64865	11.2203	-2.08998	11.25	-2.1	1.81905	2.72856
11.3474	-1.97336	1.24025	2.70502	11.3482	-1.94557	11.35	-1.95	1.81905	2.72856
11.2791	-1.8527	-0.172411	2.74389	11.3928	-1.80815	11.3	-1.8	-0.90916	2.72747
11.2687	-1.6771	-0.173299	2.80812	11.2389	-1.64141	11.25	-1.65	-0.909152	2.72745
11.2719	-1.52553	-0.0778492	2.79503	11.3341	-1.51762	11.25	-1.5	0	2.72321
11.2679	-1.36165	-0.0773723	2.82106	11.2625	-1.34833	11.25	-1.35	0	2.72321
11.2075	-1.22244	-0.699715	2.80661	11.3121	-1.19064	11.2	-1.2	-0.909524	2.72856
11.1678	-1.06275	-0.701766	2.82052	11.1556	-1.0549	11.15	-1.05	-0.909524	2.72856
11.0429	-0.927049	-1.54457	2.7883	10.9982	-0.893223	11.05	-0.9	-1.81945	2.72916
10.9573	-0.756276	-1.54664	2.83415	10.9445	-0.73319	10.95	-0.75	-1.81942	2.72913
10.8969	-0.594658	-1.25899	2.84781	10.8362	-0.586	10.9	-0.599999	-0.909839	2.72952
10.8289	-0.439284	-1.2569	2.84504	10.8388	-0.441032	10.85	-0.449999	-0.909822	2.72949
10.6481	-0.332621	-2.44824	2.72645	10.6309	-0.359954	10.7	-0.349999	-2.99538	1.99692
10.5284	-0.217767	-2.44138	2.66978	10.5529	-0.247121	10.55	-0.25	-2.99539	1.99691
10.4425	-0.0572272	-1.93087	2.72247	10.4322	-0.19515	10.45	-0.2	-1.81715	0.908579
10.3389	-0.00946344	-1.91331	2.45419	10.3505	-0.143257	10.35	-0.15	-1.81716	0.908579
10.1886	0.11246	-2.3947	2.39931	10.2068	-0.109014	10.2	-0.0999996	-2.73194	0.910655
10.0602	0.118729	-2.37217	2.06948	10.0541	-0.0441275	10.05	-0.0499992	-2.73194	0.910655
9.91109	0.229257	-2.54851	2.05211	9.89001	0.00816785	9.9	9.49949e-07	-2.72481	0.908268
9.7741	0.217283	-2.52624	1.72363	9.75876	0.0560308	9.75	0.0500011	-2.72477	0.90826
9.67409	0.32028	-2.09699	1.76682	9.63528	0.0929341	9.65	0.100001	-1.81759	0.908784
9.56519	0.299849	-2.07153	1.45787	9.56967	0.149506	9.55	0.15	-1.81757	0.908775
9.42145	0.373548	-2.46214	1.42021	9.56225	0.148577	9.4	0.15	-2.72659	0
9.2887	0.320124	-2.44184	1.07409	9.25348	0.150166	9.25	0.15	-2.72658	0
9.13642	0.378684	-2.59023	1.06555	9.0821	0.207802	9.1	0.2	-2.72925	0.909752
8.99152	0.353338	-2.58558	0.844173	8.93575	0.243169	8.95	0.25	-2.72926	0.909752
8.83981	0.398682	-2.74677	0.833717	8.94634	0.26481	8.8	0.25	-2.72783	0
8.68777	0.361983	-2.74036	0.616148	8.64483	0.254352	8.65	0.25	-2.7278	0
8.53146	0.397117	-2.75277	0.61871	8.46866	0.251128	8.5	0.25	-2.72395	0
8.38111	0.352114	-2.74384	0.410552	8.35775	0.250149	8.35	0.25	-2.72395	0
8.23127	0.37538	-2.76285	0.411776	8.28111	0.196974	8.2	0.2	-2.73278	-0.910929
8.07873	0.291887	-2.75615	0.132271	8.03004	0.154113	8.05	0.15	-2.73279	-0.910929
7.85023	0.300425	-3.61956	0.110524	7.74678	0.154598	7.85	0.15	-3.9992	0
7.66833	0.237147	-3.61706	-0.071083	7.63715	0.143302	7.65	0.15	-3.99916	0
7.5924	0.231069	-2.54005	-0.0525439	7.61982	0.157052	7.55	0.15	-1.99868	0
7.46336	0.200258	-2.54198	-0.127108	7.43926	0.160393	7.45	0.15	-1.99866	0
7.31009	0.194231	-2.70358	-0.127393	7.34481	0.102019	7.3	0.100001	-2.72622	-0.908734
7.16358	0.126799	-2.69887	-0.286617	7.16771	0.0463372	7.15	0.0500011	-2.72623	-0.908734
7.06446	0.106715	-2.18196	-0.294755	7.05721	-0.05037	7.05	-0.0499995	-1.81887	-1.81889
6.94684	-0.0115186	-2.17876	-0.5635	6.95035	-0.144849	6.95	-0.15	-1.81888	-1.81889
6.8558	-0.0498954	-1.89484	-0.587895	6.87212	-0.243254	6.85	-0.25	-1.81792	-1.81792
6.75304	-0.198126	-1.8988	-0.892915	6.76317	-0.34818	6.75	-0.35	-1.81792	-1.81792
6.65964	-0.252549	-1.85193	-0.908112	6.75759	-0.453523	6.65	-0.45	-1.81881	-1.8188
6.55621	-0.412057	-1.86777	-1.19615	6.56412	-0.553924	6.55	-0.549999	-1.81879	-1.81878
6.48966	-0.497272	-1.57824	-1.27009	6.60439	-0.765755	6.45	-0.749999	-1.81971	-3.63941
6.39022	-0.731036	-1.63061	-1.70077	6.36344	-0.942514	6.35	-0.949999	-1.81969	-3.63937
6.41853	-0.905757	-0.440201	-2.11347	6.35624	-1.10001	6.35	-1.1	0	-2.99522
6.38384	-1.11266	-0.491249	-2.37794	6.36321	-1.25111	6.35	-1.25	0	-2.99519
6.37489	-1.27432	-0.254326	-2.51371	6.30992	-1.40686	6.35	-1.4	0	-2.72817
6.35205	-1.47276	-0.293357	-2.66954	6.35537	-1.55723	6.35	-1.55	0	-2.72817
6.36106	-1.65257	-0.096648	-2.80332	6.50996	-1.74616	6.35	-1.7	0	-2.72628
6.3533	-1.81912	-0.106646	-2.83489	6.35448	-1.83673	6.35	-1.85	0	-2.72628
6.34171	-1.98469	-0.176842	-2.84016	6.38849	-2.02257	6.35	-2	0	-2.73154
6.33497	-2.13772	-0.170072	-2.83206	6.35078	-2.13767	6.35	-2.15	0	-2.73152
6.32238	-2.29751	-0.148505	-2.89538	6.28921	-2.27735	6.35	-2.3	0	-2.99503
6.31824	-2.43877	-0.140719	-2.8852	6.33355	-2.43768	6.35	-2.45	0	-2.99503
6.34409	-2.66274	0.368933	-3.27682	6.30986	-2.56694	6.4	-2.6	0.909996	-2.73
6.38962	-2.79866	0.439332	-3.16253	6.45623	-2.7536	6.45	-2.75	0.91	-2.73
6.4132	-3.00107	0.543182	-3.29714	6.40481	-2.87127	6.5	-2.9	0.907593	-2.72277
6.48176	-3.10953	0.656594	-3.11014	6.54629	-3.01951	6.55	-3.05	0.907584	-2.72274
6.50118	-3.28275	0.408167	-2.99846	6.70928	-3.32749	6.55	-3.25	0	-3.63617
6.52708	-3.44716	0.414861	-2.99631	6.54763	-3.45513	6.55	-3.45	0	-3.63613
6.55266	-3.64886	0.587478	-3.20125	6.52015	-3.55608	6.6	-3.6	0.909673	-2.72901
6.60915	-3.78515	0.65642	-3.1	6.64571	-3.73674	6.65	-3.75	0.909661	-2.72898
6.63778	-3.9787	0.670174	-3.18522	6.71319	-3.83967	6.75	-3.85	1.81795	-1.81795
6.74249	-4.05304	0.859629	-2.92726	6.85201	-3.93663	6.85	-3.95	1.81793	-1.81793
6.8148	-4.26091	1.06634	-3.1558	7.13409	-4.28567	6.9	-4.15	0.909979	-3.63994
6.90633	-4.38624	1.15751	-3.03241	6.9548	-4.32855	6.95	-4.35	0.909975	-3.6399
6.92129	-4.53249	0.690888	-2.73335	7.00947	-4.44692	7	-4.45	0.907889	-1.81577
7.00035	-4.62418	0.804186	-2.58236	7.05586	-4.55105	7.05	-4.55	0.907881	-1.81576
7.05409	-4.80523	0.982178	-2.80121	7.15974	-4.75194	7.1	-4.7	0.909789	-2.72935
7.13377	-4.91174	1.05944	-2.68197	7.13261	-4.82718	7.15	-4.85	0.909777	-2.72933
7.21535	-5.11469	1.42882	-3.06513	7.2829	-5.01975	7.25	-5	1.81861	-2.72792
7.32627	-5.23093	1.52208	-2.93267	7.34301	-5.14642	7.35	-5.15	1.81859	-2.72789
7.36214	-5.36875	1.23283	-2.76563	7.32687	-5.26205	7.4	-5.3	0.999994	-3
7.44098	-5.48334	1.28028	-2.70477	7.46174	-5.44979	7.45	-5.45	0.999999	-3
7.48495	-5.63686	1.14758	-2.6666	7.47116	-5.48352	7.55	-5.55	1.81749	-1.81749
7.59387	-5.72595	1.27099	-2.51738	7.65989	-5.6552	7.65	-5.65	1.81747	-1.81747
7.64438	-5.87378	1.11037	-2.45625	7.78563	-5.85993	7.7	-5.8	0.909598	-2.72881
7.72455	-5.98552	1.16147	-2.39573	7.75276	-5.95823	7.75	-5.95	0.909594	-2.72878
7.77621	-6.13609	1.17023	-2.4801	7.79663	-6.00945	7.85	-6.05	1.81964	-1.81964
7.88555	-6.21844	1.29039	-2.33988	7.95034	-6.15505	7.95	-6.15	1.81962	-1.81962
7.98448	-6.39726	1.76703	-2.82548	8.04642	-6.30578	8.05	-6.3	1.99731	-2.99599
8.10512	-6.49926	1.85348	-2.72304	8.14855	-6.44643	8.15	-6.45	1.99732	-2.99598
8.14258	-6.61346	1.20802	-2.22991	8.26534	-6.60186	8.2	-6.55	0.909111	-1.81822
8.2332	-6.70309	1.27485	-2.14547	8.25279	-6.64996	8.25	-6.65	0.909111	-1.81822
8.29339	-6.84125	1.34002	-2.27645	8.2109	-6.73286	8.3	-6.8	0.90845	-2.72534
8.36712	-6.96269	1.34206	-2.26783	8.35448	-6.94719	8.35	-6.95	0.908442	-2.72531
8.4683	-7.143	1.66394	-2.63424	8.61718	-7.22425	8.45	-7.1	1.81925	-2.72886
8.56288	-7.27787	1.67566	-2.61082	8.54666	-7.24803	8.55	-7.25	1.81924	-2.72886
8.62922	-7.42306	1.49275	-2.5147	8.69659	-7.3744	8.65	-7.35	1.82079	-1.8208
8.74091	-7.51699	1.57747	-2.404	8.74711	-7.43338	8.75	-7.45	1.8208	-1.8208
8.8051	-7.65138	1.61035	-2.5051	8.68846	-7.50096	8.8	-7.6	0.997629	-2.99288
8.88056	-7.77577	1.60052	-2.50526	8.84984	-7.75349	8.85	-7.75	0.997629	-2.99288
8.91895	-7.89047	1.24227	-2.23757	8.77486	-7.80083	8.9	-7.9	0.909127	-2.72742
8.96759	-8.03694	1.18907	-2.29789	8.94604	-8.07116	8.95	-8.05	0.909127	-2.7274
8.99674	-8.15251	0.936867	-2.12398	8.92041	-8.11276	9	-8.15	0.909524	-1.81903
9.04618	-8.26406	0.935336	-2.11362	9.01893	-8.23506	9.05	-8.25	0.909516	-1.81902
9.09605	-8.4084	1.05705	-2.30857	9.04724	-8.3711	9.1	-8.4	0.909922	-2.72975
9.15678	-8.53321	1.06368	-2.30292	9.1628	-8.53304	9.15	-8.55	0.909913	-2.72976
9.22572	-8.70327	1.38069	-2.69891	9.09379	-8.55764	9.25	-8.7	1.8169	-2.72535
9.31438	-8.84464	1.4112	-2.67754	9.3508	-8.85468	9.35	-8.85	1.81688	-2.72532
9.36565	-8.99036	1.22595	-2.56049	9.40597	-8.96981	9.4	-9	0.910219	-2.73069
9.43346	-9.13647	1.22402	-2.57189	9.45338	-9.162	9.45	-9.15	0.910228	-2.73069
9.48444	-9.28112	1.18072	-2.59877	9.51544	-9.36256	9.5	-9.3	0.997908	-2.99371
9.54426	-9.41811	1.17814	-2.61251	9.56994	-9.45148	9.55	-9.45	0.997908	-2.99372
9.56526	-9.53599	0.758463	-2.23279	9.62711	-9.59131	9.6	-9.55	0.909971	-1.81993
9.61589	-9.6553	0.779333	-2.22135	9.64603	-9.66938	9.65	-9.65	0.909954	-1.81992
9.64013	-9.78392	0.68388	-2.19142	9.63311	-9.79216	9.65	-9.8	0	-2.73054
9.66074	-9.92384	0.637128	-2.24061	9.64842	-9.95866	9.65	-9.95	0	-2.73053
9.70348	-10.0815	0.928101	-2.6427	9.61381	-9.98703	9.7	-10.1	0.998187	-2.99456
9.74497	-10.2226	0.912456	-2.66327	9.7516	-10.2483	9.75	-10.25	0.998187	-2.99455
9.78098	-10.3804	0.876553	-2.69603	9.7698	-10.3568	9.8	-10.4	0.909806	-2.7294
9.83724	-10.5256	0.895632	-2.68607	9.8633	-10.5382	9.85	-10.55	0.909797	-2.72938
9.84971	-10.6541	0.580766	-2.39342	9.8617	-10.6917	9.85	-10.7	0	-2.72718
9.86045	-10.8094	0.522035	-2.45239	9.84674	-10.8547	9.85	-10.85	0	-2.72715
9.86201	-10.9392	0.381089	-2.35991	9.75887	-10.887	9.85	-11	0	-2.72395
9.86528	-11.0918	0.330339	-2.41466	9.86442	-11.1448	9.85	-11.15	0	-2.72395
9.87489	-11.244	0.329933	-2.49394	9.87245	-11.316	9.85	-11.3	0	-2.73074
9.8697	-11.4046	0.26603	-2.55295	9.85036	-11.4464	9.85	-11.45	0	-2.73075
9.87396	-11.5612	0.213388	-2.5662	9.93142	-11.6783	9.85	-11.6	0	-2.72396
9.86432	-11.719	0.157137	-2.60954	9.83174	-11.7336	9.85	-11.75	0	-2.72396
9.84771	-11.8442	-0.000429624	-2.47981	9.80843	-11.8702	9.8	-11.9	-1.0005	-3.00149
9.80663	-12.0026	-0.110605	-2.56799	9.75331	-12.0506	9.75	-12.05	-1.0005	-3.0015
9.73482	-12.0639	-0.788003	-1.701	9.64519	-12.1714	9.65	-12.15	-1.81799	-1.81797
9.63769	-12.1968	-0.929912	-1.80388	9.55524	-12.2329	9.55	-12.25	-1.81797	-1.81797
9.58554	-12.3335	-0.804272	-2.07806	9.47014	-12.4324	9.45	-12.4	-1.82042	-2.73064
9.46097	-12.5051	-1.01696	-2.22695	9.34172	-12.5587	9.35	-12.55	-1.82041	-2.73063
9.37026	-12.5744	-1.36743	-1.76623	9.21558	-12.6577	9.25	-12.65	-1.99893	-1.99891
9.24558	-12.7031	-1.51782	-1.86908	9.16462	-12.7506	9.15	-12.75	-1.99891	-1.9989
9.14084	-12.8038	-1.63538	-1.77318	9.08802	-12.8351	9.05	-12.85	-1.81839	-1.81839
9.01493	-12.9243	-1.73066	-1.83246	8.95936	-12.9426	8.95	-12.95	-1.81838	-1.81838
8.87176	-12.953	-2.26878	-1.00094	8.8569	-13.1416	8.8	-13	-2.72942	-0.909806
8.71057	-13.0297	-2.36531	-1.05724	8.65422	-13.0444	8.65	-13.05	-2.72941	-0.909806
8.58039	-13.1086	-2.32056	-1.25224	8.49168	-13.0983	8.5	-13.15	-2.99987	-1.99991
8.41463	-13.2022	-2.45354	-1.33042	8.3436	-13.2381	8.35	-13.25	-2.99984	-1.9999
8.24182	-13.1786	-2.94908	-0.455072	8.19421	-13.0768	8.25	-13.2	-1.99797	0.998985
8.1224	-13.1825	-2.8724	-0.40914	8.15674	-13.1486	8.15	-13.15	-1.99797	0.998985
7.95568	-13.2425	-2.7847	-0.709977	7.9999	-13.1879	8	-13.2	-2.73	-0.910004
7.8241	-13.269	-2.72737	-0.678932	7.85314	-13.2533	7.85	-13.25	-2.73	-0.910004
7.62941	-13.2431	-3.09233	-0.0458001	7.57824	-13.1345	7.65	-13.25	-3.62957	0
7.45762	-13.2458	-3.09579	-0.0466983	7.45422	-13.2433	7.45	-13.25	-3.62953	0
7.27075	-13.2684	-3.11849	-0.145063	7.33241	-13.2718	7.3	-13.25	-2.7301	0
7.11647	-13.2648	-3.07168	-0.117995	7.13166	-13.2372	7.15	-13.25	-2.73007	0
6.92157	-13.2668	-3.17689	-0.030595	6.97467	-13.1643	7	-13.25	-2.72703	0
6.78834	-13.25	-3.06723	0.016276	6.84852	-13.2404	6.85	-13.25	-2.727	0
6.59014	-13.223	-3.28482	0.38835	6.7113	-13.2598	6.7	-13.2	-2.72742	0.909144
6.4705	-13.1753	-3.12346	0.454807	6.55626	-13.1584	6.55	-13.15	-2.72742	0.909144
6.26395	-13.122	-3.30345	0.732039	6.32545	-12.9303	6.4	-13.1	-2.72703	0.908994
6.15123	-13.0549	-3.12196	0.801024	6.25112	-13.0473	6.25	-13.05	-2.727	0.908995
5.95868	-13.0298	-3.16225	0.711017	6.09711	-13.0021	6.1	-13	-2.73	0.910004
5.85443	-12.9653	-2.97976	0.776823	5.95513	-12.9613	5.95	-12.95	-2.72998	0.909996
5.68636	-12.9419	-3.06928	0.827595	5.89343	-13.1185	5.8	-12.9	-2.99275	0.99759
5.58977	-12.875	-2.91626	0.888912	5.6635	-12.8347	5.65	-12.85	-2.99275	0.99758
5.40313	-12.8181	-3.06383	1.10731	5.61778	-12.8527	5.55	-12.75	-1.81993	1.81994
5.33428	-12.7117	-2.79688	1.21534	5.45219	-12.6228	5.45	-12.65	-1.81994	1.81994
5.14702	-12.6292	-2.93238	1.38261	5.30917	-12.4284	5.35	-12.55	-1.81722	1.81723
5.10206	-12.507	-2.62317	1.49551	5.25069	-12.4448	5.25	-12.45	-1.81721	1.81721
4.92701	-12.4139	-2.78471	1.73559	5.13338	-12.4375	5.1	-12.35	-2.72881	1.8192
4.84886	-12.2925	-2.58731	1.80175	4.9499	-12.2734	4.95	-12.25	-2.72881	1.81921
4.68726	-12.2383	-2.55671	1.44993	4.92993	-12.1787	4.9	-12.15	-0.908467	1.81693
4.67738	-12.1086	-2.20969	1.57243	4.84027	-12.0359	4.85	-12.05	-0.908462	1.81692
4.51201	-11.971	-2.51049	2.22434	4.79909	-11.9738	4.75	-11.9	-1.81788	2.72684
4.48991	-11.8073	-2.20415	2.32823	4.63814	-11.758	4.65	-11.75	-1.81788	2.72683
4.34955	-11.7321	-2.10301	1.75904	4.50688	-11.4491	4.6	-11.65	-0.909963	1.81994
4.3674	-11.5895	-1.75163	1.87641	4.5399	-11.541	4.55	-11.55	-0.909959	1.81992
4.2157	-11.4186	-2.09951	2.62148	4.46798	-11.2692	4.5	-11.35	-0.909227	3.63689
4.25613	-11.2198	-1.68904	2.76162	4.45518	-11.1556	4.45	-11.15	-0.909218	3.63686
4.16593	-11.1654	-1.4803	1.94493	4.47788	-11.2387	4.4	-11.05	-0.909227	1.81845
4.20959	-11.0131	-1.15118	2.06271	4.36691	-10.9529	4.35	-10.95	-0.909222	1.81844
4.11932	-10.9226	-1.15946	1.83264	4.34978	-10.6819	4.4	-10.8	0.9094	2.72823
4.2217	-10.7576	-0.721757	1.99865	4.42489	-10.6572	4.45	-10.65	0.909396	2.72819
4.13629	-10.6315	-0.977461	2.38118	4.45256	-10.5332	4.45	-10.5	0	3.00113
4.24402	-10.4504	-0.565335	2.54493	4.44692	-10.3512	4.45	-10.35	0	3.00113
4.1893	-10.3384	-0.566526	2.34057	4.41237	-9.99477	4.5	-10.2	0.999524	2.99855
4.32929	-10.1526	-0.12464	2.52593	4.5556	-10.0446	4.55	-10.05	0.999524	2.99856
4.29582	-10.0401	-0.173258	2.43484	4.57379	-9.85032	4.6	-9.9	0.998267	2.9948
4.44315	-9.85159	0.234424	2.61834	4.65841	-9.75093	4.65	-9.75	0.998262	2.99479
4.46821	-9.76877	0.535143	1.90673	4.60255	-9.4741	4.7	-9.65	0.910924	1.82187
4.60447	-9.61454	0.813267	2.0445	4.74425	-9.53907	4.75	-9.55	0.910928	1.82186
4.59812	-9.49033	0.571269	2.27532	4.78405	-9.35872	4.8	-9.4	0.908038	2.72411
4.73474	-9.31503	0.842695	2.41751	4.87523	-9.25457	4.85	-9.25	0.908033	2.7241
4.75627	-9.20058	0.820303	2.28931	4.92663	-9.02336	4.95	-9.1	1.81851	2.72776
4.90579	-9.02205	1.08856	2.43984	5.04624	-8.96378	5.05	-8.95	1.81852	2.72777
4.93996	-8.90466	1.05585	2.33439	5.1055	-8.72095	5.15	-8.8	1.8165	2.72476
5.11152	-8.71407	1.34606	2.51192	5.26299	-8.64398	5.25	-8.65	1.8165	2.72475
5.20547	-8.63185	1.64654	1.9946	5.34134	-8.5519	5.35	-8.55	1.82159	1.8216
5.35548	-8.48579	1.79858	2.09847	5.43218	-8.43885	5.45	-8.45	1.82157	1.82157
5.41055	-8.3762	1.58263	2.21697	5.5122	-8.36624	5.5	-8.35	0.908054	1.81609
5.5153	-8.24359	1.62684	2.2479	5.54143	-8.23537	5.55	-8.25	0.908054	1.8161
5.64418	-8.18978	2.0841	1.60352	5.72065	-8.20245	5.7	-8.15	2.72851	1.81902
5.80019	-8.07165	2.18937	1.68754	5.85207	-8.0316	5.85	-8.05	2.72849	1.81899
5.84064	-7.96269	1.64716	2.12525	5.99121	-7.96746	5.95	-7.9	1.81851	2.72777
5.98368	-7.80516	1.77985	2.23901	6.04955	-7.75139	6.05	-7.75	1.81852	2.72777
6.08537	-7.71996	1.91672	1.9951	6.20599	-7.74241	6.15	-7.65	1.81739	1.81739
6.21568	-7.58972	1.97928	2.05226	6.2473	-7.56333	6.25	-7.55	1.81739	1.81739
6.30846	-7.49978	1.9576	1.96784	6.39144	-7.48582	6.35	-7.45	1.8164	1.81641
6.42956	-7.3793	1.9912	2.00136	6.44526	-7.36223	6.45	-7.35	1.81638	1.81638
6.55426	-7.30958	2.21909	1.70862	6.66209	-7.31025	6.6	-7.25	2.72856	1.81904
6.70893	-7.18438	2.3011	1.79497	6.74856	-7.14204	6.75	-7.15	2.72856	1.81904
6.798	-7.0952	2.0993	1.86287	6.83447	-7.05268	6.85	-7.05	1.82066	1.82066
6.93604	-6.97384	2.15446	1.91802	6.97717	-6.96144	6.95	-6.95	1.82065	1.82065
7.06538	-6.91426	2.43532	1.62833	7.13677	-6.88363	7.1	-6.85	2.99976	1.99984
7.21829	-6.79816	2.51323	1.7233	7.2552	-6.74652	7.25	-6.75	2.99976	1.99984
7.25312	-6.6977	1.84876	2.09595	7.234	-6.59525	7.3	-6.65	0.999384	1.99876
7.35117	-6.57938	1.86547	2.12872	7.33491	-6.53948	7.35	-6.55	0.999369	1.99874
7.57044	-6.53715	2.94627	1.33909	7.67988	-6.69347	7.5	-6.55	2.72747	0
7.69653	-6.50538	2.85791	1.2234	7.64389	-6.55777	7.65	-6.55	2.72745	0
7.7816	-6.43627	2.1997	1.57218	7.94309	-6.60222	7.75	-6.45	1.81623	1.81624
7.89083	-6.35566	2.1735	1.55144	7.84566	-6.34021	7.85	-6.35	1.81623	1.81624
8.03871	-6.30169	2.57475	1.23533	7.9171	-6.24084	8	-6.3	2.72648	0.908821
8.17293	-6.23819	2.55824	1.22069	8.14601	-6.23101	8.15	-6.25	2.72645	0.908817
8.21738	-6.15731	1.69133	1.66683	8.37368	-6.18614	8.25	-6.1	1.81898	2.72847
8.33679	-6.02348	1.75849	1.77889	8.35502	-5.95811	8.35	-5.95	1.81897	2.72844
8.51071	-5.96955	2.59164	1.26285	8.43843	-5.87193	8.5	-5.9	2.72647	0.90883
8.65605	-5.89019	2.60044	1.28721	8.64201	-5.86567	8.65	-5.85	2.72645	0.908817
8.73469	-5.81737	2.07616	1.50098	8.76652	-5.75601	8.75	-5.75	1.81789	1.81788
8.86186	-5.70558	2.11095	1.57658	8.85198	-5.65134	8.85	-5.65	1.81789	1.81788
8.99421	-5.63766	2.397	1.38825	8.91028	-5.47662	9	-5.55	2.73109	1.82073
9.14228	-5.52437	2.44041	1.48471	9.13482	-5.45989	9.15	-5.45	2.73106	1.82072
9.23328	-5.44878	2.06742	1.60348	9.32693	-5.39468	9.25	-5.35	1.81796	1.81795
9.35783	-5.32676	2.09843	1.68995	9.33045	-5.26019	9.35	-5.25	1.81794	1.81793
9.48927	-5.25055	2.34529	1.5437	9.4498	-5.12838	9.5	-5.15	2.72905	1.81937
9.63834	-5.11813	2.39707	1.66882	9.63754	-5.04328	9.65	-5.05	2.72903	1.81935
9.67362	-5.03513	1.58304	1.93446	9.83281	-5.00671	9.7	-4.95	0.998666	1.99733
9.76359	-4.90582	1.61232	2.01879	9.74856	-4.84745	9.75	-4.85	0.998656	1.99731
9.87063	-4.81222	1.78949	1.91776	9.96003	-4.81123	9.85	-4.75	1.8172	1.81719
9.96835	-4.69514	1.79142	1.94564	9.93394	-4.66432	9.95	-4.65	1.81717	1.81717
10.0717	-4.60208	1.84929	1.89109	10.1357	-4.58625	10.05	-4.55	1.82042	1.82043
10.1751	-4.48027	1.85727	1.93624	10.1444	-4.44253	10.15	-4.45	1.82041	1.82042
10.3263	-4.39131	2.37316	1.74543	10.3185	-4.35401	10.3	-4.35	2.72672	1.81782
10.461	-4.27772	2.38482	1.79103	10.4496	-4.24828	10.45	-4.25	2.7267	1.8178
10.4693	-4.17797	1.18452	2.09323	10.5826	-4.11494	10.5	-4.1	0.908764	2.72628
10.5495	-4.01643	1.22121	2.21592	10.5542	-3.95161	10.55	-3.95	0.908764	2.72628
10.6347	-3.90567	1.42529	2.13682	10.6618	-3.807	10.65	-3.8	1.8194	2.72911
10.7337	-3.72933	1.47331	2.29385	10.7602	-3.65417	10.75	-3.65	1.81939	2.72908
10.8477	-3.61259	1.81416	2.19758	10.8593	-3.57039	10.85	-3.55	1.81839	1.81838
10.9483	-3.48293	1.81713	2.22025	10.9375	-3.46792	10.95	-3.45	1.81838	1.81838
10.9766	-3.36792	1.12527	2.328	11.0183	-3.30073	11	-3.3	0.908549	2.72563
11.0507	-3.19846	1.15234	2.43807	11.0672	-3.14607	11.05	-3.15	0.908549	2.72564
11.0952	-3.07161	0.985837	2.44466	11.1054	-3.01303	11.1	-3	0.90888	2.72663
11.1557	-2.90035	1.00118	2.54121	11.1428	-2.8481	11.15	-2.85	0.908863	2.72661
11.1995	-2.76687	0.926193	2.53314	11.1758	-2.69942	11.2	-2.7	0.909988	2.72995
11.2565	-2.59104	0.940322	2.62966	11.2495	-2.5409	11.25	-2.55	0.909988	2.72995
11.2002	-2.46619	-0.25918	2.72942	11.4549	-2.46508	11.2	-2.4	-0.907692	2.72306
11.1887	-2.28469	-0.252075	2.81099	11.1705	-2.24061	11.15	-2.25	-0.907683	2.72304
11.3156	-2.12044	1.21176	2.68212	11.2202	-2.08177	11.25	-2.1	1.8219	2.73284
11.3787	-1.97385	1.20614	2.67953	11.3536	-1.97104	11.35	-1.95	1.82188	2.73281
11.3536	-1.84083	0.381588	2.70139	11.224	-1.77367	11.35	-1.8	0	2.71996
11.3758	-1.67145	0.384038	2.75491	11.3661	-1.64386	11.35	-1.65	0	2.71993
11.3655	-1.52659	0.134774	2.75103	11.2691	-1.47976	11.35	-1.5	0	2.73448
11.3701	-1.36365	0.130149	2.78184	11.3391	-1.34511	11.35	-1.35	0	2.73446
11.2475	-1.25126	-1.164	2.76358	11.2507	-1.19626	11.25	-1.2	-1.99969	2.99952
11.1872	-1.08449	-1.16771	2.83808	11.1532	-1.04324	11.15	-1.05	-1.99967	2.99949
11.1201	-0.9433	-1.16342	2.8336	10.9697	-0.89157	11.1	-0.9	-1.00006	3.00024
11.0635	-0.776915	-1.16197	2.89889	11.0654	-0.742685	11.05	-0.75	-1.00006	3.00021
10.9554	-0.630046	-1.58346	2.86575	10.8913	-0.655608	10.95	-0.649999	-1.81771	1.81773
10.8644	-0.505491	-1.58715	2.77805	10.8418	-0.549005	10.85	-0.549999	-1.81772	1.81773
10.7736	-0.356041	-1.65661	2.76891	10.827	-0.442912	10.75	-0.45	-1.81842	1.8184
10.6798	-0.268678	-1.65429	2.59776	10.6642	-0.353413	10.65	-0.35	-1.8184	1.81839
10.5008	-0.164506	-2.67328	2.50363	10.5503	-0.248633	10.5	-0.25	-3.00035	2.00024
10.3655	-0.0954001	-2.66914	2.35572	10.3487	-0.171899	10.35	-0.15	-3.00032	2.00022
10.2665	0.0306004	-2.3046	2.39084	10.2559	-0.115293	10.25	-0.0999996	-2.00053	1.00027
10.1513	0.0682158	-2.2941	2.17493	10.137	-0.0462889	10.15	-0.0499992	-2.00053	1.00027
10.0541	0.181116	-2.11964	2.19416	10.0717	0.0165033	10.05	9.49949e-07	-2.00009	1.00004
9.94895	0.193668	-2.105	1.93808	9.92833	0.0556031	9.95	0.0500011	-2.00006	1.00003
9.79409	0.278375	-2.65979	1.87683	9.8478	0.0279858	9.8	0.0500011	-3.00025	0
9.66547	0.234401	-2.6338	1.5139	9.65029	0.0372757	9.65	0.0500011	-3.00024	0
9.51207	0.306921	-2.88034	1.49361	9.54682	0.0997641	9.5	0.100001	-2.99825	0.999409
9.3689	0.282305	-2.86663	1.23157	9.33515	0.138463	9.35	0.15	-2.99825	0.999409
9.28205	0.358352	-2.21993	1.28563	9.46113	0.134275	9.25	0.15	-1.81915	0
9.16292	0.316304	-2.20313	0.988708	9.13787	0.161547	9.15	0.15	-1.81913	0
8.99857	0.360274	-2.78028	0.947482	9.02723	0.196492	9	0.2	-2.99927	0.99976
8.85848	0.342842	-2.77536	0.776257	8.82128	0.250523	8.85	0.25	-2.99927	0.99976
8.70049	0.380757	-2.95773	0.765188	8.67607	0.247512	8.7	0.25	-2.99873	0
8.55553	0.347897	-2.94617	0.577678	8.54916	0.247046	8.55	0.25	-2.99871	0
8.41526	0.38266	-2.72938	0.595508	8.44086	0.253341	8.4	0.25	-2.72872	0
8.26446	0.349467	-2.72514	0.421566	8.2302	0.258614	8.25	0.25	-2.72871	0
8.11051	0.370216	-2.90238	0.413131	8.1066	0.204722	8.1	0.2	-2.99909	-0.9997
7.96836	0.281225	-2.88877	0.124006	7.94777	0.127954	7.95	0.15	-2.9991	-0.9997
7.81331	0.288361	-3.00226	0.123129	7.82213	0.149733	7.8	0.15	-3.00101	0
7.6624	0.235759	-3.0004	-0.0320851	7.63383	0.15164	7.65	0.15	-3.00099	0
7.52251	0.234001	-2.71836	-0.0252761	7.49691	0.101076	7.5	0.100001	-2.72698	-0.908982
7.37282	0.161866	-2.71654	-0.211896	7.35046	0.0656199	7.35	0.0500011	-2.72695	-0.908974
7.27196	0.148359	-2.27096	-0.214806	7.13188	-0.00451978	7.25	9.49949e-07	-2.00032	-1.00016
7.15938	0.0566423	-2.26896	-0.428491	7.14965	-0.0559868	7.15	-0.0499992	-2.0003	-1.00015
6.98251	0.038796	-2.68717	-0.41208	6.77233	-0.150907	7	-0.15	-2.72534	-1.8169
6.83834	-0.088397	-2.68432	-0.68732	6.85872	-0.227918	6.85	-0.25	-2.72532	-1.81688
6.80763	-0.152701	-1.55662	-0.801468	6.70421	-0.347264	6.8	-0.349999	-1.00053	-2.00107
6.73095	-0.296784	-1.56361	-1.07558	6.74687	-0.441006	6.75	-0.449999	-1.00054	-2.00107
6.63654	-0.345629	-1.79135	-1.04565	6.72084	-0.550555	6.65	-0.549999	-2.00016	-2.00017
6.5442	-0.491356	-1.81022	-1.29165	6.54837	-0.624094	6.55	-0.65	-2.00016	-2.00017
6.51154	-0.592812	-1.13661	-1.45893	6.40088	-0.78131	6.5	-0.799999	-0.999884	-2.99963
6.44692	-0.786139	-1.17536	-1.77517	6.44859	-0.960126	6.45	-0.949999	-0.999884	-2.99963
6.41571	-0.903607	-0.862508	-1.90032	6.37766	-1.0844	6.4	-1.1	-0.999984	-2.99995
6.36137	-1.09776	-0.911281	-2.15949	6.35596	-1.24356	6.35	-1.25	-0.999969	-2.99992
6.38075	-1.26672	-0.295626	-2.44254	6.5527	-1.43518	6.35	-1.4	0	-3.00132
6.35594	-1.45371	-0.3378	-2.61102	6.35503	-1.55184	6.35	-1.55	0	-3.00129
6.33694	-1.61067	-0.324416	-2.65203	6.33086	-1.6454	6.35	-1.65	0	-1.81769
6.3228	-1.7515	-0.315587	-2.63833	6.34356	-1.7483	6.35	-1.75	0	-1.81769
6.34525	-1.93559	0.14595	-2.91735	6.34522	-1.96081	6.35	-1.95	0	-3.99976
6.34743	-2.09833	0.128543	-2.96077	6.34095	-2.12276	6.35	-2.15	0	-3.99972
6.32864	-2.23876	-0.115964	-2.85971	6.3068	-2.23646	6.35	-2.25	0	-2
6.32925	-2.36851	-0.0974996	-2.82531	6.34785	-2.35274	6.35	-2.35	0	-1.99998
6.32101	-2.53078	-0.0370426	-2.91582	6.26272	-2.46894	6.35	-2.5	0	-3
6.32923	-2.66015	-0.00993379	-2.87289	6.36265	-2.64414	6.35	-2.65	0	-3
6.36199	-2.86655	0.470642	-3.25473	6.38105	-2.77438	6.4	-2.8	1.00003	-3.00012
6.40671	-2.99285	0.53	-3.16054	6.461	-2.95066	6.45	-2.95	1.00003	-3.00009
6.4573	-3.20481	0.88379	-3.477	6.50958	-3.15806	6.5	-3.15	0.999284	-3.99712
6.51239	-3.36652	0.910922	-3.44444	6.55345	-3.36165	6.55	-3.35	0.999284	-3.99712
6.52384	-3.53255	0.469589	-3.16716	6.64067	-3.46888	6.6	-3.45	0.909922	-1.81983
6.58573	-3.64296	0.5756	-3.00558	6.63536	-3.55462	6.65	-3.55	0.909917	-1.81984
6.6276	-3.83511	0.815685	-3.25316	6.70376	-3.69784	6.7	-3.7	0.999335	-2.99802
6.70492	-3.9361	0.921912	-3.09594	6.75151	-3.84595	6.75	-3.85	0.99934	-2.99802
6.7244	-4.10711	0.746808	-3.0323	6.65288	-3.91672	6.8	-4	0.908549	-2.72564
6.80121	-4.22098	0.84631	-2.89628	6.85764	-4.15466	6.85	-4.15	0.908537	-2.72561
6.81084	-4.36965	0.479781	-2.6788	6.9447	-4.2991	6.9	-4.25	0.90988	-1.81977
6.88661	-4.44235	0.618478	-2.48819	6.94846	-4.34203	6.95	-4.35	0.909876	-1.81975
6.93812	-4.61364	0.889432	-2.77231	7.09552	-4.55441	7	-4.5	1.00008	-3.00024
7.00923	-4.71053	0.965215	-2.66579	7.03506	-4.6461	7.05	-4.65	1.00008	-3.00024
7.09345	-4.90831	1.41232	-3.10503	7.25009	-4.88515	7.15	-4.8	1.99984	-2.99976
7.20423	-5.00799	1.52253	-2.96163	7.26242	-4.9318	7.25	-4.95	1.99984	-2.99976
7.22719	-5.12926	0.985222	-2.58751	7.33292	-5.08676	7.3	-5.05	1.00028	-2.00057
7.30779	-5.21583	1.07114	-2.47715	7.3521	-5.15533	7.35	-5.15	1.00028	-2.00056
7.35393	-5.36078	1.09233	-2.56566	7.40318	-5.28627	7.4	-5.3	1.00003	-3.00012
7.42228	-5.47046	1.12991	-2.51766	7.44098	-5.44336	7.45	-5.45	1.00004	-3.00012
7.4763	-5.62406	1.24742	-2.69023	7.46878	-5.50726	7.55	-5.55	1.99961	-1.99961
7.58295	-5.70652	1.36442	-2.55384	7.66561	-5.647	7.65	-5.65	1.9996	-1.9996
7.63195	-5.84251	1.22815	-2.50843	7.70927	-5.8194	7.7	-5.8	1.00027	-3.00084
7.70841	-5.9565	1.26426	-2.47629	7.75724	-5.96146	7.75	-5.95	1.00028	-3.00084
7.76365	-6.1022	1.34897	-2.62111	7.71187	-5.94164	7.85	-6.05	1.9998	-1.99981
7.87071	-6.19005	1.45227	-2.50694	7.95005	-6.14609	7.95	-6.15	1.9998	-1.9998
7.90699	-6.30576	1.10514	-2.27417	8.03808	-6.28852	8	-6.25	1.00004	-2.00008
7.98985	-6.3894	1.17718	-2.19473	8.04346	-6.35767	8.05	-6.35	1.00004	-2.00008
8.08142	-6.55835	1.65236	-2.67917	8.1071	-6.48544	8.15	-6.5	1.99951	-2.99928
8.19019	-6.66903	1.71765	-2.61543	8.25742	-6.66007	8.25	-6.65	1.9995	-2.99925
8.22537	-6.77959	1.09539	-2.13196	8.38768	-6.7963	8.3	-6.75	0.90921	-1.81841
8.3007	-6.88175	1.13426	-2.09174	8.33159	-6.8699	8.35	-6.85	0.90921	-1.81841
8.38154	-7.03587	1.39033	-2.39158	8.58336	-7.15056	8.4	-7	1.0001	-3.00036
8.45304	-7.15365	1.39535	-2.38673	8.45779	-7.15285	8.45	-7.15	1.00011	-3.00036
8.50989	-7.28906	1.4584	-2.51493	8.37938	-7.10665	8.55	-7.25	1.99907	-1.99908
8.60871	-7.38533	1.52747	-2.43796	8.647	-7.3454	8.65	-7.35	1.99908	-1.99908
8.68138	-7.52928	1.54686	-2.52382	8.76035	-7.57239	8.7	-7.5	1.00058	-3.00174
8.75852	-7.65641	1.54596	-2.5261	8.76121	-7.66039	8.75	-7.65	1.00057	-3.00171
8.78946	-7.75955	1.12444	-2.1932	8.81118	-7.75569	8.8	-7.75	0.999844	-1.99968
8.85023	-7.86041	1.13869	-2.17189	8.84363	-7.83628	8.85	-7.85	0.999844	-1.99968
8.95483	-8.04582	1.70995	-2.78794	9.07758	-8.1058	8.95	-8	2.00017	-3.00024
9.04735	-8.17601	1.72953	-2.76464	9.05238	-8.15838	9.05	-8.15	2.00014	-3.00021
9.07685	-8.27832	1.21695	-2.32978	9.05557	-8.22632	9.1	-8.25	0.998905	-1.99781
9.14863	-8.38047	1.24746	-2.29336	9.15492	-8.35136	9.15	-8.35	0.998886	-1.99779
9.20696	-8.52136	1.18767	-2.30276	9.30408	-8.57245	9.2	-8.5	0.908863	-2.72657
9.26826	-8.64994	1.17815	-2.3087	9.2543	-8.64461	9.25	-8.65	0.908855	-2.72655
9.31068	-8.78128	1.12321	-2.32476	9.15971	-8.67035	9.3	-8.8	0.909475	-2.72841
9.36017	-8.9243	1.08937	-2.36328	9.35164	-8.95148	9.35	-8.95	0.909466	-2.72839
9.431	-9.08926	1.33	-2.68407	9.47941	-9.179	9.4	-9.1	0.999765	-2.99935
9.48051	-9.2369	1.28689	-2.72089	9.44272	-9.24111	9.45	-9.25	0.999774	-2.99934
9.50176	-9.35345	0.817275	-2.28982	9.53008	-9.38561	9.5	-9.35	0.908962	-1.81792
9.56113	-9.46332	0.85657	-2.24885	9.5752	-9.43724	9.55	-9.45	0.908954	-1.8179
9.60302	-9.60946	0.908627	-2.3772	9.60163	-9.60777	9.6	-9.6	0.909988	-2.72996
9.64388	-9.74817	0.88494	-2.39859	9.62903	-9.75552	9.65	-9.75	0.909971	-2.72993
9.69139	-9.90849	0.984614	-2.5827	9.69155	-9.89957	9.7	-9.9	0.907972	-2.7239
9.74616	-10.0496	0.986395	-2.58001	9.74482	-10.046	9.75	-10.05	0.907972	-2.72391
9.7594	-10.1698	0.679516	-2.31067	9.69256	-10.1336	9.75	-10.2	0	-2.73106
9.77572	-10.318	0.622957	-2.36491	9.75264	-10.3488	9.75	-10.35	0	-2.73105
9.82678	-10.4934	0.954863	-2.8257	9.8242	-10.5024	9.8	-10.5	1	-2.99999
9.86009	-10.6457	0.917741	-2.85548	9.83234	-10.6514	9.85	-10.65	0.999994	-2.99996
9.87677	-10.7779	0.719798	-2.69135	9.82501	-10.7525	9.85	-10.8	0	-3.00047
9.88793	-10.9342	0.65398	-2.74794	9.85033	-10.9603	9.85	-10.95	0	-3.00048
9.87385	-11.0313	0.168567	-2.22076	9.91881	-11.1448	9.85	-11.05	0	-1.9956
9.87505	-11.1478	0.149888	-2.23492	9.86057	-11.1502	9.85	-11.15	0	-1.99559
9.87563	-11.2909	0.193802	-2.36586	9.83851	-11.2795	9.85	-11.3	0	-2.73184
9.86804	-11.4351	0.145905	-2.40358	9.83839	-11.4483	9.85	-11.45	0	-2.73182
9.86026	-11.5647	0.0987047	-2.42007	9.79654	-11.5922	9.8	-11.6	-0.998566	-2.9957
9.82385	-11.7178	-0.0101128	-2.50393	9.75592	-11.7487	9.75	-11.75	-0.998566	-2.99569
9.81643	-11.8783	0.0306286	-2.6404	9.77699	-11.9246	9.75	-11.9	0	-2.73084
9.79621	-12.0389	-0.0266384	-2.6815	9.75861	-12.0491	9.75	-12.05	0	-2.73085
9.74657	-12.1403	-0.455052	-2.168	9.63743	-12.1863	9.65	-12.2	-1.81598	-2.72396
9.65981	-12.3046	-0.617854	-2.28497	9.56514	-12.3446	9.55	-12.35	-1.81597	-2.72396
9.5751	-12.373	-1.10758	-1.65183	9.47157	-12.4849	9.45	-12.45	-1.82132	-1.82133
9.4494	-12.508	-1.27837	-1.76746	9.34752	-12.5408	9.35	-12.55	-1.82131	-1.82131
9.37101	-12.6315	-1.245	-1.91603	9.32154	-12.7193	9.3	-12.65	-0.908038	-1.81606
9.28207	-12.7474	-1.29726	-1.94509	9.24151	-12.7411	9.25	-12.75	-0.908029	-1.81605
9.1501	-12.7711	-1.87644	-1.10473	9.04013	-12.7738	9.05	-12.85	-3.64007	-1.82004
8.96149	-12.8884	-2.10343	-1.24985	8.83995	-12.9425	8.85	-12.95	-3.64007	-1.82003
8.83238	-12.9432	-2.25103	-1.09672	8.73518	-13.0163	8.75	-13	-1.9959	-0.997948
8.68806	-13.0175	-2.33467	-1.14656	8.6395	-13.0341	8.65	-13.05	-1.9959	-0.997948
8.53067	-13.0592	-2.53723	-0.884084	8.48414	-13.0416	8.5	-13.1	-2.73149	-0.910502
8.36939	-13.1226	-2.59651	-0.920749	8.34268	-13.1451	8.35	-13.15	-2.73146	-0.910485
8.20735	-13.1804	-2.66743	-0.905845	8.19497	-13.1991	8.2	-13.2	-2.72385	-0.907955
8.05979	-13.2314	-2.66959	-0.908239	8.06107	-13.2364	8.05	-13.25	-2.72383	-0.907947
7.87719	-13.2415	-2.94522	-0.473519	7.88931	-13.1791	7.9	-13.25	-2.72673	0
7.73323	-13.2568	-2.89676	-0.447196	7.75593	-13.2425	7.75	-13.25	-2.72673	0
7.54145	-13.2557	-3.09086	-0.173868	7.52542	-13.1457	7.6	-13.25	-2.72991	0
7.4045	-13.2483	-3.0035	-0.131081	7.44992	-13.2329	7.45	-13.25	-2.72991	0
7.19396	-13.1842	-3.40212	0.612445	7.19347	-13.1392	7.25	-13.2	-3.63887	0.909723
7.02323	-13.1459	-3.36066	0.626363	7.05468	-13.1604	7.05	-13.15	-3.63887	0.909723
6.83214	-13.1791	-3.19299	0.0595783	6.90569	-13.1515	6.9	-13.15	-2.72312	0
6.69	-13.1587	-3.10287	0.101648	6.73255	-13.1364	6.75	-13.15	-2.72312	0
6.5217	-13.1805	-3.14681	0.0425184	6.69426	-13.3705	6.6	-13.15	-3.00475	0
6.39205	-13.1647	-3.07319	0.0756827	6.42749	-13.1436	6.45	-13.15	-3.00472	0
6.21568	-13.1546	-3.21415	0.278868	6.4246	-13.2048	6.35	-13.1	-1.9976	0.998786
6.13651	-13.1036	-2.99584	0.369445	6.2503	-13.0552	6.25	-13.05	-1.99758	0.998786
5.94862	-13.0795	-3.13671	0.566011	6.162	-13.1569	6.1	-13	-2.72732	0.909111
5.85526	-13.0101	-2.92403	0.657191	5.95166	-12.9396	5.95	-12.95	-2.72732	0.909111
5.66614	-12.9666	-3.04588	0.791301	5.78183	-12.8825	5.8	-12.9	-2.72895	0.909657
5.56573	-12.8929	-2.86664	0.864103	5.64785	-12.8416	5.65	-12.85	-2.72896	0.909648
5.37569	-12.8194	-3.06266	1.21655	5.54035	-12.7925	5.55	-12.75	-1.81808	1.81809
5.30889	-12.7111	-2.7924	1.31769	5.43842	-12.6552	5.45	-12.65	-1.81809	1.81809
5.12397	-12.6241	-2.95489	1.56559	5.33087	-12.5965	5.3	-12.55	-2.7236	1.81575
5.03384	-12.507	-2.76117	1.63979	5.12059	-12.4527	5.15	-12.45	-2.72358	1.81572
4.86397	-12.4529	-2.79066	1.48407	5.13793	-12.5907	5.05	-12.35	-1.81967	1.81966
4.82274	-12.3232	-2.49091	1.59839	4.95241	-12.2277	4.95	-12.25	-1.81967	1.81967
4.64626	-12.1994	-2.71245	2.02161	4.81467	-12.1072	4.85	-12.1	-1.81844	2.72766
4.61334	-12.0413	-2.40288	2.13465	4.75144	-11.9561	4.75	-11.95	-1.81844	2.72767
4.4606	-11.9702	-2.33929	1.67472	4.6829	-11.7433	4.7	-11.85	-0.909557	1.8191
4.48432	-11.8231	-1.93653	1.81218	4.67603	-11.7496	4.65	-11.75	-0.909553	1.81911
4.34285	-11.7154	-2.08702	1.99393	4.61619	-11.6508	4.6	-11.6	-0.907782	2.72335
4.37233	-11.5485	-1.70359	2.13427	4.5432	-11.4431	4.55	-11.45	-0.907778	2.72334
4.22213	-11.3678	-2.03701	2.81199	4.48104	-11.1618	4.5	-11.25	-0.910253	3.64099
4.26002	-11.1571	-1.64145	2.95467	4.44374	-11.0696	4.45	-11.05	-0.910253	3.64099
4.1795	-11.1082	-1.32153	1.85729	4.46178	-10.9843	4.45	-10.95	0	1.81804
4.25847	-10.9492	-0.922177	2.0047	4.4464	-10.8663	4.45	-10.85	0	1.81805
4.19935	-10.8999	-0.879738	1.66566	4.60972	-11.1274	4.45	-10.75	0	1.81614
4.28504	-10.7505	-0.524752	1.81225	4.43858	-10.6346	4.45	-10.65	0	1.81614
4.18289	-10.579	-0.975353	2.63519	4.43099	-10.4242	4.45	-10.45	0	3.6396
4.27647	-10.3696	-0.586871	2.80218	4.44616	-10.2449	4.45	-10.25	0	3.6396
4.23297	-10.2635	-0.491801	2.38035	4.52156	-10.1192	4.5	-10.1	0.910021	2.73005
4.36419	-10.063	-0.076234	2.56514	4.55225	-9.94382	4.55	-9.95	0.910013	2.73003
4.32523	-9.93971	-0.177931	2.56832	4.5897	-9.73457	4.6	-9.8	0.999085	2.99725
4.45915	-9.74808	0.195004	2.74155	4.64586	-9.65356	4.65	-9.65	0.99908	2.99724
4.47601	-9.6529	0.447237	2.11919	4.61159	-9.38621	4.7	-9.55	0.910095	1.82021
4.60216	-9.49345	0.709254	2.24319	4.7442	-9.45683	4.75	-9.45	0.910091	1.82018
4.60326	-9.38855	0.601726	2.25199	4.80746	-9.23434	4.85	-9.3	1.99828	2.99743
4.75964	-9.21765	0.926705	2.42031	4.94202	-9.15915	4.95	-9.15	1.99826	2.99739
4.7727	-9.09198	0.76269	2.50708	5.03379	-9.03255	5	-9	0.908384	2.72514
4.9179	-8.90136	1.02768	2.65808	5.06039	-8.84271	5.05	-8.85	0.908384	2.72514
4.99951	-8.823	1.34972	2.06694	5.21058	-8.83852	5.15	-8.75	1.81679	1.8168
5.14939	-8.6722	1.54086	2.1778	5.26598	-8.6555	5.25	-8.65	1.81679	1.8168
5.19917	-8.56386	1.40802	2.20498	5.33786	-8.49992	5.35	-8.5	1.82017	2.73024
5.34285	-8.40367	1.57625	2.31777	5.43516	-8.36367	5.45	-8.35	1.82015	2.73022
5.42842	-8.31492	1.69641	2.04541	5.58025	-8.28767	5.55	-8.25	1.81852	1.81852
5.57069	-8.17563	1.8184	2.1265	5.65225	-8.1686	5.65	-8.15	1.8185	1.8185
5.66895	-8.09717	1.90723	1.90521	5.83663	-8.14888	5.75	-8.05	1.81752	1.81753
5.79258	-7.97726	1.95515	1.94649	5.81186	-7.95139	5.85	-7.95	1.81752	1.81752
5.88383	-7.89655	1.93527	1.84856	5.99151	-7.92468	5.95	-7.85	1.8194	1.8194
6.01509	-7.77537	1.99824	1.90326	6.04627	-7.74932	6.05	-7.75	1.81941	1.8194
6.06256	-7.65981	1.65109	2.13067	6.05883	-7.47931	6.15	-7.6	1.81742	2.72613
6.20328	-7.49952	1.77738	2.24956	6.26179	-7.43797	6.25	-7.45	1.8174	2.72611
6.3342	-7.42266	2.20521	1.76809	6.3458	-7.29797	6.4	-7.35	2.7248	1.81653
6.49724	-7.28894	2.30941	1.86981	6.55234	-7.24441	6.55	-7.25	2.72477	1.81651
6.62155	-7.21227	2.41361	1.69216	6.61964	-7.17343	6.65	-7.2	1.81957	0.909789
6.74628	-7.12974	2.39281	1.66498	6.74556	-7.15305	6.75	-7.15	1.81957	0.909785
6.86808	-7.06185	2.41417	1.55857	6.91901	-7.04822	6.9	-7.05	2.72946	1.81964
7.02523	-6.95509	2.47362	1.6194	7.06886	-6.94012	7.05	-6.95	2.72946	1.81964
7.10444	-6.86541	2.09126	1.81538	7.12574	-6.81829	7.15	-6.85	1.81554	1.81554
7.23266	-6.75229	2.12321	1.85219	7.25262	-6.73852	7.25	-6.75	1.81554	1.81554
7.32012	-6.66164	1.98168	1.87244	7.30586	-6.61905	7.35	-6.65	1.82007	1.82007
7.43955	-6.54803	2.00729	1.9027	7.45762	-6.53827	7.45	-6.55	1.82005	1.82005
7.60239	-6.48863	2.57205	1.45782	7.59546	-6.48319	7.6	-6.5	2.72628	0.908764
7.73725	-6.42111	2.55393	1.42548	7.74315	-6.44913	7.75	-6.45	2.72628	0.908764
7.84603	-6.35365	2.34255	1.48693	7.8486	-6.40709	7.85	-6.4	1.81656	0.908285
7.96012	-6.29657	2.30387	1.42211	7.9584	-6.34152	7.95	-6.35	1.81656	0.908281
8.07387	-6.23473	2.27777	1.37216	8.05398	-6.23227	8.1	-6.25	2.73006	1.82003
8.21183	-6.14826	2.3072	1.40514	8.24773	-6.1485	8.25	-6.15	2.73005	1.82003
8.33794	-6.0892	2.40874	1.28703	8.32369	-5.98136	8.4	-6.05	2.72692	1.81795
8.50038	-5.9799	2.48116	1.3931	8.55156	-5.93992	8.55	-5.95	2.7269	1.81794
8.58791	-5.90678	2.09965	1.53685	8.63806	-5.84559	8.65	-5.85	1.81844	1.81844
8.72468	-5.79085	2.1516	1.62214	8.7543	-5.75242	8.75	-5.75	1.81843	1.81843
8.86666	-5.72843	2.38212	1.45474	9.00947	-5.71389	8.9	-5.65	2.72464	1.81643
9.02645	-5.60177	2.45226	1.58032	9.06113	-5.54128	9.05	-5.55	2.72465	1.81643
9.11966	-5.52047	2.13569	1.67465	9.13938	-5.44533	9.15	-5.45	1.81916	1.81918
9.25172	-5.3941	2.17416	1.76425	9.24452	-5.3352	9.25	-5.35	1.81916	1.81916
9.36468	-5.30845	2.22221	1.69932	9.26221	-5.25032	9.35	-5.3	1.81895	0.909466
9.47142	-5.23759	2.18682	1.63685	9.43645	-5.25801	9.45	-5.25	1.81894	0.90947
9.54477	-5.15413	1.70417	1.79227	9.71784	-5.19928	9.55	-5.1	1.81986	2.72981
9.65395	-5.01615	1.74458	1.89577	9.64908	-4.9531	9.65	-4.95	1.81987	2.72981
9.74417	-4.92206	1.78799	1.8407	9.67182	-4.82288	9.75	-4.85	1.81736	1.81735
9.85623	-4.78987	1.82167	1.92289	9.86682	-4.74721	9.85	-4.75	1.81736	1.81735
9.946	-4.69459	1.77233	1.9033	9.94653	-4.64316	9.95	-4.65	1.81806	1.81805
10.0538	-4.56862	1.79654	1.96064	10.0706	-4.54316	10.05	-4.55	1.81805	1.81805
10.2217	-4.48598	2.39396	1.73602	10.4074	-4.52899	10.2	-4.45	2.72609	1.8174
10.3563	-4.37627	2.40272	1.7725	10.3431	-4.35107	10.35	-4.35	2.72606	1.81737
10.3656	-4.27499	1.26171	2.0701	10.3837	-4.17982	10.4	-4.2	0.908945	2.72688
10.4486	-4.12275	1.29452	2.17196	10.4578	-4.07071	10.45	-4.05	0.908953	2.72687
10.5651	-4.01747	1.77986	2.01362	10.5531	-3.94939	10.55	-3.95	1.81903	1.81904
10.6667	-3.8826	1.79162	2.07589	10.6424	-3.84126	10.65	-3.85	1.81902	1.81903
10.7438	-3.77303	1.69818	2.07282	10.6157	-3.63689	10.75	-3.7	1.81931	2.72896
10.8519	-3.60849	1.73331	2.20673	10.8572	-3.53957	10.85	-3.55	1.81931	2.72896
10.8844	-3.5029	1.28785	2.2727	10.8149	-3.35552	10.9	-3.4	0.999745	2.99928
10.9597	-3.33389	1.31629	2.41783	10.9372	-3.24816	10.95	-3.25	0.999754	2.99928
11.0698	-3.2036	1.80653	2.31629	10.9078	-3.10703	11.05	-3.15	1.81764	1.81765
11.1661	-3.07112	1.80223	2.32812	11.135	-3.05697	11.15	-3.05	1.81763	1.81764
11.1995	-2.95048	1.20202	2.39763	11.1507	-2.87978	11.2	-2.9	0.909657	2.72896
11.2701	-2.78796	1.21335	2.47834	11.2571	-2.74346	11.25	-2.75	0.909648	2.72893
11.1912	-2.67712	-0.183007	2.632	11.2614	-2.58697	11.2	-2.6	-0.998725	2.99617
11.1828	-2.51036	-0.177722	2.72276	11.1393	-2.45312	11.15	-2.45	-0.998725	2.99616
11.2471	-2.36041	0.59226	2.62983	11.2346	-2.28949	11.2	-2.3	0.908813	2.72643
11.2777	-2.19691	0.590563	2.67807	11.239	-2.16508	11.25	-2.15	0.908805	2.7264
11.321	-2.04964	0.803012	2.65224	11.1623	-1.9797	11.3	-2	0.909855	2.72956
11.3651	-1.88259	0.804036	2.70773	11.3424	-1.85113	11.35	-1.85	0.909847	2.72953
